100
0 9347 4767 6614 8941 5339 73 4710 1434 8704 5653 7635 7370 5952 4763 2664 5648 1658 8196 901 4966 2724 4994 7702 321 2736 3597 5295 492 1253 7652 8694 1972 5364 3194 8497 7336 3376 6430 6659 8489 2948 3829 3844 7784 8551 8757 9433 2469 5565 1349 7806 425 873 862 6962 7684 2295 2220 8097 675 1704 953 7220 8673 9165 3281 2400 4433 7943 527 2751 3453 2726 9609 7726 4858 5905 3803 7839 9361 9251 519 392 2269 840 5284 6301 2016 9560 3682 6629 7173 2062 5436 9901 7415 9468 7375 3810 
9347 0 6419 3717 4498 7398 7142 5860 847 2308 2473 1168 4417 4210 6709 8390 2819 7974 5824 3004 8907 2710 7022 6806 8104 5245 507 8681 1630 3144 8973 3899 2354 870 2758 1781 2505 5169 1149 4076 4929 8273 2791 8898 2145 28 678 7560 9893 2525 9698 4152 4411 3337 7188 214 5139 5955 9481 9326 7098 8509 9903 8991 9630 4380 6200 9624 745 790 7853 3009 8774 3958 6254 5062 5564 1932 3216 246 7918 8671 5778 7476 6505 5485 7781 9869 3969 8427 1177 3164 6434 2714 2543 181 5143 7796 2774 1141 
4767 6419 0 7443 9142 410 2197 8831 5360 1587 7030 285 1719 2050 8839 7599 3696 9234 2574 1934 6614 4850 9765 3310 9983 961 770 1262 7633 5012 1815 9365 7229 1788 6633 2857 5264 2761 5087 1079 6128 5795 3582 8947 6340 691 4637 4175 7542 8518 5451 9468 4339 5225 7800 1406 5603 2479 4126 239 296 1210 7142 7300 1448 5836 2809 9275 4349 9625 9032 1031 7571 4167 4902 1223 7904 8429 7845 7416 2803 5361 8517 9913 6434 6517 5781 6036 7922 7658 6619 9051 2889 818 8320 8483 1877 790 2783 1019 
6614 3717 7443 0 1747 6505 5290 3728 8651 268 2579 3814 3675 335 7572 1620 4733 4777 590 6105 825 7118 9419 4507 7231 6707 3043 417 2755 9299 6412 6980 2598 5804 6074 4439 2966 9683 9025 3745 5989 5950 9612 456 6073 7265 1834 5622 1241 5061 6893 2911 5599 6201 8332 3660 1480 8116 9598 4088 2392 7897 1387 1389 348 3314 8609 7917 3667 6223 9309 5188 3861 1342 402 1912 2675 5851 7554 2783 2893 7787 9056 7228 8996 3722 6044 9864 6271 8657 3889 6843 9456 3638 2122 4838 4518 9035 2721 1868 
8941 4498 9142 1747 0 9671 3971 9119 1692 4200 4857 760 5982 6215 8509 561 997 2908 7815 5115 7987 9413 417 9986 9022 4866 3382 4930 2495 6757 9326 6397 4987 7160 1966 7149 8737 6952 1554 5339 6426 6593 3187 7901 7491 4582 3437 5590 2691 7166 3281 9511 6147 5404 7802 1493 6568 8182 5624 3139 1888 2264 3551 903 4027 2980 4385 7038 2999 1642 8379 8758 2088 8286 1308 447 8299 822 4614 6282 4821 4199 5607 3094 4701 5678 8177 5810 7466 4790 6999 341 2897 9099 681 1232 8681 9338 1854 3940 
5339 7398 410 6505 9671 0 1163 30 4637 4072 908 4181 2474 8425 7296 3136 1797 5186 8875 5199 9491 3117 8672 9102 4622 2085 6212 922 7402 9767 427 5544 866 1886 202 6253 3213 5813 1767 8558 1296 9884 4648 6833 8222 3271 405 4883 529 3754 872 4012 2918 3242 5115 4697 997 3373 6833 461 5012 6054 6415 5034 38 6271 4376 6401 586 7020 5382 3827 110 8702 4601 6457 8371 7824 578 4577 2131 2347 1363 7140 7150 3536 3114 1642 1945 6637 2887 4950 6287 5247 9831 6162 9909 6701 1518 5112 
73 7142 2197 5290 3971 1163 0 9376 8331 4608 2595 3610 6941 1591 923 1019 6332 7799 5889 3706 232 5430 3742 6732 472 3788 9273 2889 2744 7464 3587 5967 4796 6674 2677 7972 4396 6475 372 8268 6924 4079 1773 5112 4922 5973 5757 2548 4447 9084 7645 8140 5580 2686 5634 9490 6930 284 7079 34 6469 3184 3226 7073 3556 9974 3483 7505 9480 8628 2825 9230 6382 458 8431 8710 6873 7633 4141 7620 9229 8479 3829 4097 5472 7275 7286 6530 2196 7782 4708 367 6492 2201 8378 908 1789 9795 2642 7561 
4710 5860 8831 3728 9119 30 9376 0 987 1884 5771 7510 6692 2439 9795 9281 926 5990 6914 9177 9144 7061 3580 6026 5891 7872 5827 2243 1962 3492 1963 1654 5399 6197 1209 7056 1166 3230 9372 2980 6854 4686 5166 1635 4250 751 3245 2484 9123 9991 2571 8444 4064 2941 1195 4153 1729 7685 1041 4296 8326 6656 8805 2445 9683 6386 1542 3381 4760 4403 8046 4381 3926 7 9621 3417 1858 8149 6320 4758 7408 8118 7263 4926 5265 1259 6124 4489 6785 4451 5367 3642 9793 8548 5349 2068 9744 3516 6856 6030 
1434 847 5360 8651 1692 4637 8331 987 0 7053 4470 8195 8162 7953 5348 405 7946 8724 9423 6713 3322 5634 8381 4797 6411 5434 4186 2976 8824 3761 440 3903 4511 1273 2472 1867 636 9887 7862 2288 9430 3932 1619 4504 6507 3593 2747 1443 3597 461 1393 2276 6179 7559 8325 6637 8966 8660 924 1515 4730 4267 2452 4400 4419 4085 3764 8788 9040 8324 9233 629 6290 2691 1069 6816 7376 4408 8768 9315 2022 9091 2911 1014 2111 849 5021 1903 6941 440 7709 6662 5562 8821 1819 7268 4158 5951 9790 6697 
8704 2308 1587 268 4200 4072 4608 1884 7053 0 8955 7172 6969 2326 7600 2030 5068 130 4515 2869 4509 3258 8158 3038 4858 1091 683 7074 5077 7370 2966 7677 7806 8494 452 6845 4404 5572 7806 1001 9949 6334 2834 2456 9940 5484 2631 2056 2899 4601 7449 350 5599 5166 220 7137 149 825 2241 1712 4627 7472 7954 8681 1511 2244 4318 6667 601 5034 2720 9771 5670 8597 3914 4106 6549 5864 8936 4279 872 5540 1483 7135 2198 9588 9707 2626 3728 8692 7910 4147 9341 4297 1097 3167 6152 8302 7855 5524 
5653 2473 7030 2579 4857 908 2595 5771 4470 8955 0 5336 4030 9537 9203 415 4539 6212 5960 4730 6882 2349 1620 2333 3415 7706 2411 8996 3730 1397 7151 2573 3324 9600 7667 4416 7589 9870 2257 6088 2213 7543 9555 8066 3596 2178 2645 9674 5370 4528 5759 1945 9612 6984 8404 7655 3850 2986 4272 5217 7454 3352 4762 5690 3509 9999 9469 4584 4750 28 8479 2710 4678 5640 3809 2779 7421 7844 9852 971 2456 4440 5153 5193 2782 5237 360 4244 7624 9973 9719 4614 3279 6911 5918 4119 8189 2577 656 4105 
7635 1168 285 3814 760 4181 3610 7510 8195 7172 5336 0 838 5609 5767 4439 1557 188 2239 7994 1851 7016 6986 3861 7319 2310 9697 998 2778 7787 4628 6538 673 7100 4660 5472 6378 6699 7483 929 6467 1586 6236 6772 8565 8930 9462 6728 3864 5009 7706 6761 5890 3458 6612 9929 1638 5280 8853 5421 3642 3591 9750 6006 4092 8578 3908 606 4583 619 2727 1221 7598 2060 5124 5910 8303 591 6311 2061 7768 9705 1977 6662 1196 4215 7705 2792 7247 1273 5990 4050 7071 9891 5677 1146 4127 4401 1181 7365 
7370 4417 1719 3675 5982 2474 6941 6692 8162 6969 4030 838 0 8381 9857 1326 2130 995 9813 140 4374 8076 9472 4467 9954 4598 9662 5723 9811 2084 9613 5644 8099 6137 8996 8380 2007 2421 2206 3764 7491 2184 345 9107 7628 915 8879 9363 2817 6227 1439 8012 4549 3567 2735 3489 6953 836 6045 8523 2852 5526 3258 2215 3528 456 7933 7205 3943 6701 4340 6775 7602 4825 7966 9216 7803 7985 5433 9328 4478 3021 4316 9374 8354 8115 5823 4343 6637 8122 5801 8863 6959 1150 2040 5610 8791 2506 8352 7552 
5952 4210 2050 335 6215 8425 1591 2439 7953 2326 9537 5609 8381 0 4042 4578 8377 8877 1073 3767 4602 1947 8832 8046 547 115 341 1256 6602 8766 7238 2715 2462 9400 9614 3251 1658 4134 7841 1239 6128 427 5629 4748 1301 8412 6018 8376 4681 5647 4528 5884 3371 6645 6188 2211 8534 7027 5661 972 7235 4632 2180 6018 4655 2439 3524 8175 2127 633 5734 734 8973 7672 7816 9798 8611 2686 3118 8073 1898 4064 1624 3205 3174 1560 9874 4248 6983 1770 7728 2361 5937 9327 3694 4331 2691 8644 3039 3 
4763 6709 8839 7572 8509 7296 923 9795 5348 7600 9203 5767 9857 4042 0 1497 3565 5409 7232 7306 4755 1156 428 2893 7179 8118 1305 6957 2517 3047 2918 8692 3849 4425 581 6767 2459 5862 5776 3208 9108 1820 1617 5137 4606 9863 998 9841 7040 6166 983 1143 5492 3485 9566 7538 2602 3326 3364 5065 799 6517 7364 387 9575 8908 292 2041 3614 1415 1721 333 4140 6133 9498 8843 8321 2729 8582 3012 4073 1836 4899 3776 109 4669 297 6720 3573 583 7198 9713 110 6783 4042 4505 3709 6919 5116 241 
2664 8390 7599 1620 561 3136 1019 9281 405 2030 415 4439 1326 4578 1497 0 6162 7768 861 9375 8494 5739 7248 8939 9192 7403 5331 2644 6588 783 4544 1783 5233 6608 5862 5395 8617 1259 3411 2673 3057 5627 5608 3069 125 6588 9449 2082 7435 337 4013 3179 148 9273 1801 8837 8030 6681 8979 6154 5413 5901 8139 5020 3902 3230 9658 9298 163 6257 263 3995 3651 1859 9873 3886 1605 574 338 1562 1172 6565 2154 5373 984 4904 7745 230 7048 392 2415 6738 284 4615 6562 6626 5557 495 5239 4947 
5648 2819 3696 4733 997 1797 6332 926 7946 5068 4539 1557 2130 8377 3565 6162 0 4550 6009 3672 2016 7312 1324 9803 544 9839 6068 7490 5961 7519 5929 6415 364 6794 331 7324 3093 9870 5393 3684 3375 9841 8883 3347 3020 6047 6397 6315 9640 2019 480 7209 3348 864 6897 3524 2412 5420 4793 3268 5838 3028 9936 8084 3342 7272 2783 440 5681 1523 5576 5989 823 1633 5192 4684 3903 7626 958 6751 1457 6719 9166 2105 2889 2539 8484 4315 4639 7849 3003 2689 5035 655 2127 8604 276 6021 9023 4650 
1658 7974 9234 4777 2908 5186 7799 5990 8724 130 6212 188 995 8877 5409 7768 4550 0 4532 8441 1863 7687 9625 2114 4561 9419 2258 8955 6233 569 9260 6707 1094 7246 3816 1974 3021 612 8158 5533 1483 3428 676 9765 8070 9577 7919 550 5342 5168 4462 8466 2206 2293 6102 6642 2542 9056 4348 5101 6307 1948 2689 3943 4823 9172 7587 212 4478 6008 9681 5785 5547 5815 3164 6128 5366 2759 3804 2273 7565 4864 8573 844 1589 8478 2357 9486 9215 7754 9718 7538 7297 5223 2170 4296 8442 2081 3944 9705 
8196 5824 2574 590 7815 8875 5889 6914 9423 4515 5960 2239 9813 1073 7232 861 6009 4532 0 3854 9251 1701 4825 5045 2838 6184 1921 3649 63 6245 6512 1048 4264 8243 6228 2028 69 6274 3816 9195 2326 1193 4145 7352 4885 8907 7540 9572 7829 906 4307 9180 4247 2495 7779 4355 141 6703 5727 4583 3557 4337 2494 676 1550 3135 6677 2569 6048 1520 1713 1624 2246 4881 9208 6650 5581 4886 7355 5365 5925 4777 9282 5519 57 6118 8678 2386 6022 4970 2534 1862 5468 7956 3352 867 2560 1193 5657 9291 
901 3004 1934 6105 5115 5199 3706 9177 6713 2869 4730 7994 140 3767 7306 9375 3672 8441 3854 0 556 7541 4162 180 9640 170 3420 7403 2114 2874 1329 2505 3537 140 1298 4963 899 2407 461 2580 1437 4511 3737 1212 8176 7762 6126 5571 791 8640 8040 5302 2887 9567 1052 3068 9292 9730 3879 3853 9444 6420 953 7205 5486 9860 8430 6638 6145 6983 4972 2909 9999 2139 7139 392 4220 5193 1762 8267 7392 9982 104 742 7494 8605 1184 3026 8643 9511 4089 2272 2688 9854 1627 5212 4254 5083 160 6700 
4966 8907 6614 825 7987 9491 232 9144 3322 4509 6882 1851 4374 4602 4755 8494 2016 1863 9251 556 0 327 1245 2962 5877 7976 7945 6947 9189 6293 2470 5113 1967 1171 8007 9533 2785 3985 1448 2259 7325 7789 8747 3961 966 7116 8286 2656 1804 9974 5238 7374 8335 3131 2374 4087 8518 4292 5301 3775 9425 7247 2594 4937 9214 8593 3781 5418 5631 7124 667 889 7764 9483 9949 9812 269 8159 7610 7253 1787 439 8032 2366 1763 9398 3333 6912 2400 529 862 4644 4951 87 9348 3898 2082 3776 6655 8255 
2724 2710 4850 7118 9413 3117 5430 7061 5634 3258 2349 7016 8076 1947 1156 5739 7312 7687 1701 7541 327 0 515 6832 4615 2589 675 9134 8914 4367 2549 1400 4498 2535 9503 1096 9456 8837 4234 9129 2866 8906 3619 922 4562 2979 1648 7977 7297 8569 2175 8496 4259 9948 5704 8186 7426 1783 6921 4807 4717 6753 2205 2580 6406 9526 8821 5051 3781 1892 27 7477 5498 6444 2803 2366 9619 8614 7431 4235 1786 9425 631 2187 2505 3807 6493 1419 9018 1798 1897 7222 9715 2509 5664 7597 1570 3156 3144 3063 
4994 7022 9765 9419 417 8672 3742 3580 8381 8158 1620 6986 9472 8832 428 7248 1324 9625 4825 4162 1245 515 0 3559 8044 456 4754 1536 4808 5114 4411 2531 7787 2245 2337 8941 852 8117 1937 5586 4545 5210 1921 5086 4871 5528 9759 9547 3574 1389 2505 9007 2263 5405 3549 9624 5212 3864 6428 7067 8187 242 9261 3075 3144 8066 5914 5672 1137 4832 2491 5977 8286 1215 236 7109 2142 2270 8451 3132 8298 9871 3512 8515 9589 8069 2582 1092 2721 5625 3123 3959 9675 2409 1780 4313 3737 8902 8755 9665 
7702 6806 3310 4507 9986 9102 6732 6026 4797 3038 2333 3861 4467 8046 2893 8939 9803 2114 5045 180 2962 6832 3559 0 2479 507 6249 4433 2558 897 2067 2347 3660 1113 1988 2671 1436 3633 6985 675 1784 3132 3892 5357 1302 8146 618 9865 1273 369 9484 2586 5023 791 4803 9394 978 4402 3269 9990 6294 7679 8272 3840 8377 5575 1717 3646 4148 7230 9446 6847 9402 2120 8864 8099 3091 864 9850 8213 3888 7408 2550 7517 8866 1805 8159 4108 6643 5311 1266 9968 9836 2013 4866 410 4155 3706 1639 4821 
321 8104 9983 7231 9022 4622 472 5891 6411 4858 3415 7319 9954 547 7179 9192 544 4561 2838 9640 5877 4615 8044 2479 0 4002 7247 7573 9174 6906 6093 6540 3275 1634 248 6911 8218 7332 1340 3807 2010 3536 2043 3079 3841 3390 1557 5608 9965 4930 1383 3019 6661 7759 8089 8415 8241 4971 2302 8202 579 2664 5639 3617 3126 1880 9797 3050 4873 327 4515 8743 2250 3710 3639 3977 9408 9039 996 9321 3862 4729 306 9058 2977 4862 5837 1360 9231 7434 3042 8323 4768 8948 880 4451 8172 185 42 4672 
2736 5245 961 6707 4866 2085 3788 7872 5434 1091 7706 2310 4598 115 8118 7403 9839 9419 6184 170 7976 2589 456 507 4002 0 8954 496 3809 5501 7704 471 756 5421 2403 5318 1014 3089 3821 3793 326 4466 5523 43 8593 2444 6398 8177 2148 5083 6226 1941 1468 1050 7217 4312 8545 3339 7016 4372 634 4881 1120 1308 9589 2136 5203 7859 8530 5250 286 8087 24 5883 6247 6787 2534 6296 1632 393 4328 5787 221 1729 6585 3083 7344 3429 9901 5767 1397 7394 930 338 8526 115 8365 9004 967 6203 
3597 507 770 3043 3382 6212 9273 5827 4186 683 2411 9697 9662 341 1305 5331 6068 2258 1921 3420 7945 675 4754 6249 7247 8954 0 9991 1799 1979 4983 5006 5104 2878 7485 8366 199 101 3680 6327 7893 2801 2304 4947 7873 3918 8111 5733 3831 216 3906 5169 7985 9234 7196 7342 1064 3633 3797 1378 6386 5908 3259 7915 9082 8924 3436 1327 4093 257 4043 6916 9017 796 1566 4800 397 585 340 4698 4561 7374 7159 8356 6589 5834 9256 8808 3509 7922 7991 8202 319 7358 3100 8421 9923 3677 4842 1186 
5295 8681 1262 417 4930 922 2889 2243 2976 7074 8996 998 5723 1256 6957 2644 7490 8955 3649 7403 6947 9134 1536 4433 7573 496 9991 0 576 3832 3892 6901 6932 1817 1320 3920 3293 9274 3502 2483 143 2552 9309 26 7576 4199 9411 7083 1689 9336 45 5507 2562 9898 6096 3227 4894 2208 815 2245 4900 5839 2045 9116 9567 4257 7278 9616 6851 191 2392 1807 7920 1212 1420 4244 5026 3484 7180 8518 1111 4157 5124 7867 9735 5378 5243 6068 6414 5370 9369 3334 4973 4572 3725 8430 5005 7289 9058 8727 
492 1630 7633 2755 2495 7402 2744 1962 8824 5077 3730 2778 9811 6602 2517 6588 5961 6233 63 2114 9189 8914 4808 2558 9174 3809 1799 576 0 9020 1828 3210 2419 390 4598 3462 9608 5676 6123 8490 1497 7439 9451 2298 9386 6114 3928 4945 7708 2060 9799 7429 7817 1361 1609 561 1739 1488 867 183 7625 5404 956 3562 1100 5208 9736 4309 9246 8920 7833 5674 6432 6490 3061 4545 3700 3631 3959 1012 5945 4565 7910 822 3588 7285 1805 590 7975 7414 5729 8085 2211 9263 2627 2460 1662 5185 9432 1745 
1253 3144 5012 9299 6757 9767 7464 3492 3761 7370 1397 7787 2084 8766 3047 783 7519 569 6245 2874 6293 4367 5114 897 6906 5501 1979 3832 9020 0 819 6807 7613 7471 5769 4241 3616 8749 3979 1874 2166 658 5607 1819 7900 4284 3073 8624 3300 8253 8096 1335 3391 4100 7920 1515 175 322 4950 8290 2273 2457 6518 4042 7741 9026 3985 6822 522 5699 2920 8090 3521 2506 8552 6868 3747 1457 3228 3910 7513 4400 5095 1961 6152 3471 9714 732 5215 8975 8838 7646 2629 2039 3064 7989 3777 1890 7587 522 
7652 8973 1815 6412 9326 427 3587 1963 440 2966 7151 4628 9613 7238 2918 4544 5929 9260 6512 1329 2470 2549 4411 2067 6093 7704 4983 3892 1828 819 0 3970 91 2754 7178 1282 6584 3671 7914 5211 4887 5542 4334 9145 6284 3996 8159 7092 5347 2091 3143 7643 1649 8231 1533 649 4993 1713 8665 4563 4022 5113 1786 4930 527 5243 1696 6984 4325 6885 8313 7833 6030 6034 3743 6179 7567 1853 8950 71 2784 9077 2634 5637 2981 5067 3387 2265 4726 8248 8745 2222 9785 7134 7212 5153 9517 1679 1858 447 
8694 3899 9365 6980 6397 5544 5967 1654 3903 7677 2573 6538 5644 2715 8692 1783 6415 6707 1048 2505 5113 1400 2531 2347 6540 471 5006 6901 3210 6807 3970 0 8572 1148 6582 2934 5244 5254 8639 9877 8316 7751 3514 9733 2743 4231 747 5655 9015 8315 1801 9189 3550 2985 3559 2157 9950 6251 3558 7172 3474 2885 5533 9768 3569 6444 6391 7618 1796 8284 8181 4784 5004 2808 1184 1501 6092 642 6679 2438 7202 3974 523 8917 2686 773 1096 3055 1693 7097 7737 4301 2721 9218 8249 1330 4971 9787 6565 4769 
1972 2354 7229 2598 4987 866 4796 5399 4511 7806 3324 673 8099 2462 3849 5233 364 1094 4264 3537 1967 4498 7787 3660 3275 756 5104 6932 2419 7613 91 8572 0 3859 4737 4185 8726 510 171 1451 1579 7605 931 7286 9006 6397 5076 8459 4721 2259 990 1997 6882 8597 6335 6818 637 1484 564 3186 9793 9837 5225 1090 3054 8511 8757 1121 2811 4121 5020 3964 6954 5963 7250 7076 6662 6863 1682 9669 5660 1300 7546 9563 8884 651 2661 8025 1055 7896 6341 1185 8101 6633 3835 9104 6919 1739 9021 6118 
5364 870 1788 5804 7160 1886 6674 6197 1273 8494 9600 7100 6137 9400 4425 6608 6794 7246 8243 140 1171 2535 2245 1113 1634 5421 2878 1817 390 7471 2754 1148 3859 0 1427 1529 4567 8524 5392 3753 1283 8218 4991 269 886 3373 6570 7749 8881 9749 7593 4250 6800 8742 1214 3998 5497 739 7479 5230 3727 4902 6592 8432 8734 8959 2243 4832 8051 5093 5444 7466 4245 535 1856 9688 6813 3942 8071 8449 7969 1168 4817 2196 1511 6505 7553 5736 6512 7999 7431 6906 41 7937 8083 2390 5635 2085 6211 2535 
3194 2758 6633 6074 1966 202 2677 1209 2472 452 7667 4660 8996 9614 581 5862 331 3816 6228 1298 8007 9503 2337 1988 248 2403 7485 1320 4598 5769 7178 6582 4737 1427 0 6748 3786 6438 7504 6880 1504 3404 9604 619 907 6563 9152 2313 5087 5649 3696 1583 9008 7292 2961 7399 6774 5745 4345 4948 2817 3183 6314 1993 592 7562 9549 3961 4875 8485 8170 9466 6263 4063 5903 491 8955 4227 4514 3948 5432 8461 4365 3834 4103 8433 9433 5700 8527 8489 1639 7652 9306 9464 1817 4609 2233 3810 7190 5027 
8497 1781 2857 4439 7149 6253 7972 7056 1867 6845 4416 5472 8380 3251 6767 5395 7324 1974 2028 4963 9533 1096 8941 2671 6911 5318 8366 3920 3462 4241 1282 2934 4185 1529 6748 0 8789 2478 7676 1812 7602 6542 5878 1648 7928 9025 8098 9440 8783 4907 6222 7117 9795 9760 2817 8488 2377 12 4284 4386 2325 279 9413 4814 7416 5750 3183 7311 6113 91 8142 3257 5970 1829 8231 6339 2825 4703 2375 9886 4377 9922 7695 2315 4247 835 4682 2370 5101 2944 9183 8416 1951 4762 8527 8471 9207 7458 1656 212 
7336 2505 5264 2966 8737 3213 4396 1166 636 4404 7589 6378 2007 1658 2459 8617 3093 3021 69 899 2785 9456 852 1436 8218 1014 199 3293 9608 3616 6584 5244 8726 4567 3786 8789 0 7586 3778 5589 2672 9471 9198 3066 3845 3800 784 8719 916 4108 1724 3616 2340 5779 2005 508 3481 1131 8199 4645 39 3416 7830 7485 5976 3327 6291 3146 5160 4108 6775 9950 8459 3865 6199 1897 479 6166 2575 7414 2689 2525 1809 5223 2138 2866 4396 9676 7490 2556 4968 387 6583 7111 179 3525 2252 8154 2886 4596 
3376 5169 2761 9683 6952 5813 6475 3230 9887 5572 9870 6699 2421 4134 5862 1259 9870 612 6274 2407 3985 8837 8117 3633 7332 3089 101 9274 5676 8749 3671 5254 510 8524 6438 2478 7586 0 5616 6730 3100 5061 8552 2569 8667 7642 9584 389 1164 7646 9896 6834 4958 163 8686 4139 9917 5477 9594 9121 726 7529 2406 8581 8288 2786 6757 4722 1165 9352 7070 6663 7551 8664 414 6657 717 4626 1535 2094 3420 7511 1759 6896 9230 2487 991 8386 1256 5107 4526 8226 1229 8600 8899 8528 4415 317 3480 6722 
6430 1149 5087 9025 1554 1767 372 9372 7862 7806 2257 7483 2206 7841 5776 3411 5393 8158 3816 461 1448 4234 1937 6985 1340 3821 3680 3502 6123 3979 7914 8639 171 5392 7504 7676 3778 5616 0 8328 7170 7047 5273 5709 2409 1042 4856 4745 8580 3738 2060 1992 4009 2033 5231 5966 2653 91 4552 1884 9669 6545 4929 514 7535 4483 2810 6603 71 939 498 4856 4211 5101 4082 3933 1852 6963 3554 1429 6643 630 6223 5313 3047 9002 7013 9790 7524 9058 1736 6053 4170 9445 1944 899 9673 4612 2441 8673 
6659 4076 1079 3745 5339 8558 8268 2980 2288 1001 6088 929 3764 1239 3208 2673 3684 5533 9195 2580 2259 9129 5586 675 3807 3793 6327 2483 8490 1874 5211 9877 1451 3753 6880 1812 5589 6730 8328 0 4909 2185 5055 4514 3042 2818 4769 9367 6453 4236 6792 9727 7356 3679 5677 7595 9439 5483 72 8606 371 2991 9196 8796 7526 6550 9641 2982 1762 1770 3592 228 6597 4799 2051 4347 2637 3814 9167 9934 9581 8449 6267 6879 671 1387 6670 8832 6903 8822 4896 3599 870 9024 6344 5926 2557 715 6046 5646 
8489 4929 6128 5989 6426 1296 6924 6854 9430 9949 2213 6467 7491 6128 9108 3057 3375 1483 2326 1437 7325 2866 4545 1784 2010 326 7893 143 1497 2166 4887 8316 1579 1283 1504 7602 2672 3100 7170 4909 0 1954 5472 7591 6653 5808 895 5802 4679 8374 3738 9269 4339 8511 4724 1334 8406 7944 9282 607 4798 8067 899 4628 9235 5104 6321 2749 4040 5992 4326 6840 6051 9810 2264 919 9113 2119 7118 3278 9119 2040 269 7221 2068 4421 7713 9003 8112 1936 9928 4049 7051 4461 8123 5068 3263 5563 6077 8136 
2948 8273 5795 5950 6593 9884 4079 4686 3932 6334 7543 1586 2184 427 1820 5627 9841 3428 1193 4511 7789 8906 5210 3132 3536 4466 2801 2552 7439 658 5542 7751 7605 8218 3404 6542 9471 5061 7047 2185 1954 0 514 8463 9301 5364 9640 6294 5725 5217 4555 4017 4641 4107 4554 1828 3118 5327 3389 2400 1599 3942 8079 6818 2919 8715 2928 6523 1435 4671 6711 1141 1517 2388 3505 4510 7089 2611 139 3779 6463 7281 5709 8893 9174 574 1155 2334 4027 6046 9349 1440 97 8472 8673 8163 4878 1476 5548 3600 
3829 2791 3582 9612 3187 4648 1773 5166 1619 2834 9555 6236 345 5629 1617 5608 8883 676 4145 3737 8747 3619 1921 3892 2043 5523 2304 9309 9451 5607 4334 3514 931 4991 9604 5878 9198 8552 5273 5055 5472 514 0 6309 4549 3889 7140 7900 5541 1954 2580 8671 7232 9553 6042 2120 9061 1083 3045 952 7618 2372 4565 6768 1995 1779 4440 6453 2575 8540 2953 9462 4365 3811 3940 2747 8471 2390 5267 2514 7791 5581 5024 4557 5536 8168 8269 7366 7666 4968 1676 4746 2837 4937 5930 7147 5946 3290 8206 3443 
3844 8898 8947 456 7901 6833 5112 1635 4504 2456 8066 6772 9107 4748 5137 3069 3347 9765 7352 1212 3961 922 5086 5357 3079 43 4947 26 2298 1819 9145 9733 7286 269 619 1648 3066 2569 5709 4514 7591 8463 6309 0 3884 4608 9575 7359 4566 2398 4701 5285 2861 3086 3638 4680 9487 4887 8102 4791 1486 4552 7048 3905 5362 7436 8896 9856 6482 8864 248 3000 827 7274 3448 3376 7691 2084 7824 6286 4423 1773 1947 2988 6801 131 6771 5748 1137 1155 1977 8946 6701 5556 378 470 9567 4340 7722 115 
7784 2145 6340 6073 7491 8222 4922 4250 6507 9940 3596 8565 7628 1301 4606 125 3020 8070 4885 8176 966 4562 4871 1302 3841 8593 7873 7576 9386 7900 6284 2743 9006 886 907 7928 3845 8667 2409 3042 6653 9301 4549 3884 0 1463 7448 7741 4192 9723 7905 4787 8092 6945 4460 8898 993 1434 8178 646 9455 2027 960 5593 9102 3402 6450 721 6128 458 6309 7661 2828 2860 7315 76 3884 3344 7265 5039 2623 5874 138 744 8962 2250 3507 5405 3262 8255 3640 4675 2813 2932 6290 7438 154 7102 3617 2312 
8551 28 691 7265 4582 3271 5973 751 3593 5484 2178 8930 915 8412 9863 6588 6047 9577 8907 7762 7116 2979 5528 8146 3390 2444 3918 4199 6114 4284 3996 4231 6397 3373 6563 9025 3800 7642 1042 2818 5808 5364 3889 4608 1463 0 4973 9689 224 9707 3774 2973 3777 6788 4059 348 8171 5178 2221 2679 9708 3751 6887 1867 9276 1356 1905 2695 5964 6816 5723 6566 119 6045 6351 3212 6283 8633 3649 8983 8994 8731 3137 2796 6923 7592 8064 3352 3305 7600 8948 3690 3134 145 2301 1712 102 2171 2765 7724 
8757 678 4637 1834 3437 405 5757 3245 2747 2631 2645 9462 8879 6018 998 9449 6397 7919 7540 6126 8286 1648 9759 618 1557 6398 8111 9411 3928 3073 8159 747 5076 6570 9152 8098 784 9584 4856 4769 895 9640 7140 9575 7448 4973 0 8739 8756 5375 2635 9726 1557 7169 2864 8855 5473 9855 584 2592 8355 7775 375 5731 1129 7857 5889 9087 8154 796 2618 7713 168 5169 5357 2599 4674 8717 1465 1332 1090 3493 3501 5671 528 4114 7346 6523 2529 821 4394 9275 3607 1580 8911 4960 4948 9926 4151 5218 
9433 7560 4175 5622 5590 4883 2548 2484 1443 2056 9674 6728 9363 8376 9841 2082 6315 550 9572 5571 2656 7977 9547 9865 5608 8177 5733 7083 4945 8624 7092 5655 8459 7749 2313 9440 8719 389 4745 9367 5802 6294 7900 7359 7741 9689 8739 0 9094 7786 3327 1525 7970 4986 4034 1665 7097 9667 7198 8895 3320 6330 4182 1795 5915 726 8102 5257 3403 3309 7970 5580 922 5472 6762 5152 5502 5290 6983 4679 9081 1975 9842 3432 1606 780 6626 475 9076 2552 3359 2358 3851 4671 2353 5222 7081 2576 6731 1810 
2469 9893 7542 1241 2691 529 4447 9123 3597 2899 5370 3864 2817 4681 7040 7435 9640 5342 7829 791 1804 7297 3574 1273 9965 2148 3831 1689 7708 3300 5347 9015 4721 8881 5087 8783 916 1164 8580 6453 4679 5725 5541 4566 4192 224 8756 9094 0 5603 3611 6526 6324 8140 7405 7443 2627 8152 9499 5888 3735 3182 7448 6339 3076 3037 1109 9675 490 1656 1341 3541 8434 9997 3832 8345 6356 9797 7263 4992 3713 545 7551 2931 4607 4507 2362 9625 9491 7163 2635 5025 1930 2870 321 7154 880 8132 4062 7380 
5565 2525 8518 5061 7166 3754 9084 9991 461 4601 4528 5009 6227 5647 6166 337 2019 5168 906 8640 9974 8569 1389 369 4930 5083 216 9336 2060 8253 2091 8315 2259 9749 5649 4907 4108 7646 3738 4236 8374 5217 1954 2398 9723 9707 5375 7786 5603 0 1449 7287 7034 6492 9618 7979 3660 5144 8881 6241 4421 4796 9282 3549 485 7712 1810 678 2360 7134 3626 5708 9312 1210 2090 6026 8743 6777 8049 6665 7260 1595 1374 9825 7661 6117 4184 2920 8534 8394 9765 4993 5714 8213 7611 3843 7298 9052 7594 8711 
1349 9698 5451 6893 3281 872 7645 2571 1393 7449 5759 7706 1439 4528 983 4013 480 4462 4307 8040 5238 2175 2505 9484 1383 6226 3906 45 9799 8096 3143 1801 990 7593 3696 6222 1724 9896 2060 6792 3738 4555 2580 4701 7905 3774 2635 3327 3611 1449 0 6444 8954 8699 5866 8674 3913 321 6935 2893 9856 6570 2315 7856 1831 6566 4532 8284 1479 6189 8854 7364 6395 9255 1044 4837 7468 8578 4560 2410 2787 9903 2071 693 9224 4157 8623 4395 5263 6014 6289 4982 1195 9210 2671 2533 5254 1610 8077 998 
7806 4152 9468 2911 9511 4012 8140 8444 2276 350 1945 6761 8012 5884 1143 3179 7209 8466 9180 5302 7374 8496 9007 2586 3019 1941 5169 5507 7429 1335 7643 9189 1997 4250 1583 7117 3616 6834 1992 9727 9269 4017 8671 5285 4787 2973 9726 1525 6526 7287 6444 0 6794 5470 8718 3591 102 880 5788 7516 4942 2840 2740 9768 2415 4960 5632 8216 7239 5229 3869 4684 43 1836 1186 9252 5752 9517 9224 7505 6686 9370 8534 4928 1435 7646 4358 5188 3128 1450 7028 1508 3174 1837 9329 2853 9085 7272 5670 9153 
425 4411 4339 5599 6147 2918 5580 4064 6179 5599 9612 5890 4549 3371 5492 148 3348 2206 4247 2887 8335 4259 2263 5023 6661 1468 7985 2562 7817 3391 1649 3550 6882 6800 9008 9795 2340 4958 4009 7356 4339 4641 7232 2861 8092 3777 1557 7970 6324 7034 8954 6794 0 7453 2923 402 2277 5693 3740 5132 1976 8645 1821 7375 8518 8608 993 5386 6228 9934 4118 6523 4658 1740 1058 8970 6603 4858 7788 9179 4676 1605 9626 9870 676 9471 4030 5926 4445 2311 957 8037 1459 5144 1233 6427 850 1155 5907 9520 
873 3337 5225 6201 5404 3242 2686 2941 7559 5166 6984 3458 3567 6645 3485 9273 864 2293 2495 9567 3131 9948 5405 791 7759 1050 9234 9898 1361 4100 8231 2985 8597 8742 7292 9760 5779 163 2033 3679 8511 4107 9553 3086 6945 6788 7169 4986 8140 6492 8699 5470 7453 0 8086 1977 2067 4872 9036 4863 3075 2229 4620 2843 3696 1049 7781 6439 3089 7323 6987 8060 1123 7052 2987 2648 6001 6218 8036 679 3645 9594 9308 2119 1819 3229 721 2405 4455 7966 9888 4079 4156 3826 9411 137 3344 7604 4240 7707 
862 7188 7800 8332 7802 5115 5634 1195 8325 220 8404 6612 2735 6188 9566 1801 6897 6102 7779 1052 2374 5704 3549 4803 8089 7217 7196 6096 1609 7920 1533 3559 6335 1214 2961 2817 2005 8686 5231 5677 4724 4554 6042 3638 4460 4059 2864 4034 7405 9618 5866 8718 2923 8086 0 7011 8525 9321 3140 2554 9295 4236 2114 4666 2399 4074 835 5732 3993 8232 6947 4721 213 1383 1218 26 3275 3312 3624 4237 7186 6858 9902 1296 5415 5660 7184 9022 5380 5943 9788 2459 7078 9055 8773 6029 5709 3972 1352 4948 
6962 214 1406 3660 1493 4697 9490 4153 6637 7137 7655 9929 3489 2211 7538 8837 3524 6642 4355 3068 4087 8186 9624 9394 8415 4312 7342 3227 561 1515 649 2157 6818 3998 7399 8488 508 4139 5966 7595 1334 1828 2120 4680 8898 348 8855 1665 7443 7979 8674 3591 402 1977 7011 0 647 1494 8744 8882 5578 4352 3571 3306 7176 9937 391 6533 2143 4876 5458 2898 4959 3177 4304 5035 1197 2150 8236 753 3729 2838 3348 2446 1685 4158 8128 9529 4488 2495 8270 6857 5838 941 9774 4600 4951 4921 3930 7543 
7684 5139 5603 1480 6568 997 6930 1729 8966 149 3850 1638 6953 8534 2602 8030 2412 2542 141 9292 8518 7426 5212 978 8241 8545 1064 4894 1739 175 4993 9950 637 5497 6774 2377 3481 9917 2653 9439 8406 3118 9061 9487 993 8171 5473 7097 2627 3660 3913 102 2277 2067 8525 647 0 4935 3409 279 4275 619 7458 6154 9242 691 270 3875 3133 1485 5510 9215 9556 2268 3094 7215 8492 4353 4169 3943 9478 8910 9494 5297 9997 786 7957 6447 7046 8208 4433 7998 2336 686 8702 7479 4118 9984 9661 7249 
2295 5955 2479 8116 8182 3373 284 7685 8660 825 2986 5280 836 7027 3326 6681 5420 9056 6703 9730 4292 1783 3864 4402 4971 3339 3633 2208 1488 322 1713 6251 1484 739 5745 12 1131 5477 91 5483 7944 5327 1083 4887 1434 5178 9855 9667 8152 5144 321 880 5693 4872 9321 1494 4935 0 1077 1487 1528 2410 6279 5806 1271 4825 1636 2983 8979 1834 5860 4119 5384 761 1366 7778 3267 2804 8101 1013 1957 2402 4771 7355 6640 681 419 6605 6715 4061 1845 3781 9880 1621 4815 7055 1213 7322 9541 7029 
2220 9481 4126 9598 5624 6833 7079 1041 924 2241 4272 8853 6045 5661 3364 8979 4793 4348 5727 3879 5301 6921 6428 3269 2302 7016 3797 815 867 4950 8665 3558 564 7479 4345 4284 8199 9594 4552 72 9282 3389 3045 8102 8178 2221 584 7198 9499 8881 6935 5788 3740 9036 3140 8744 3409 1077 0 8923 5674 3401 2197 1019 1948 6356 7926 9605 519 7051 8808 2018 7435 49 6729 534 5818 7181 9488 4852 5170 8478 7323 4086 8196 647 7175 7474 1229 3568 7046 5527 6848 7776 5282 5835 9794 8399 2138 255 
8097 9326 239 4088 3139 461 34 4296 1515 1712 5217 5421 8523 972 5065 6154 3268 5101 4583 3853 3775 4807 7067 9990 8202 4372 1378 2245 183 8290 4563 7172 3186 5230 4948 4386 4645 9121 1884 8606 607 2400 952 4791 646 2679 2592 8895 5888 6241 2893 7516 5132 4863 2554 8882 279 1487 8923 0 9767 3518 3457 2688 7198 7422 8816 9175 602 1722 8972 4526 6588 9797 9971 2196 6137 2538 3733 6640 3224 5859 7494 9849 4397 2946 6916 6300 391 6708 227 3033 3378 407 3231 4067 5947 6924 7531 888 
675 7098 296 2392 1888 5012 6469 8326 4730 4627 7454 3642 2852 7235 799 5413 5838 6307 3557 9444 9425 4717 8187 6294 579 634 6386 4900 7625 2273 4022 3474 9793 3727 2817 2325 39 726 9669 371 4798 1599 7618 1486 9455 9708 8355 3320 3735 4421 9856 4942 1976 3075 9295 5578 4275 1528 5674 9767 0 403 9642 6806 3221 9488 406 8492 6792 2103 2533 703 7328 142 9338 6743 2479 5020 1149 2050 5916 4988 6276 912 287 6840 3902 2805 8287 8095 9369 695 3529 8249 4822 6142 5452 196 690 8560 
1704 8509 1210 7897 2264 6054 3184 6656 4267 7472 3352 3591 5526 4632 6517 5901 3028 1948 4337 6420 7247 6753 242 7679 2664 4881 5908 5839 5404 2457 5113 2885 9837 4902 3183 279 3416 7529 6545 2991 8067 3942 2372 4552 2027 3751 7775 6330 3182 4796 6570 2840 8645 2229 4236 4352 619 2410 3401 3518 403 0 4987 5409 5958 8465 185 8975 7709 7067 3539 3071 2908 7040 5212 9989 7879 1819 8896 8296 3471 3263 9514 8211 6351 36 4483 4820 9423 1540 2766 194 6814 4752 8425 8027 1419 3804 7892 6869 
953 9903 7142 1387 3551 6415 3226 8805 2452 7954 4762 9750 3258 2180 7364 8139 9936 2689 2494 953 2594 2205 9261 8272 5639 1120 3259 2045 956 6518 1786 5533 5225 6592 6314 9413 7830 2406 4929 9196 899 8079 4565 7048 960 6887 375 4182 7448 9282 2315 2740 1821 4620 2114 3571 7458 6279 2197 3457 9642 4987 0 5459 4646 2679 560 7024 9649 1751 6957 8073 9480 270 8545 1860 2093 3941 1021 248 1186 668 8456 3888 8964 3741 6124 725 555 3282 4585 806 9912 5159 1127 7856 9566 9084 7154 582 
7220 8991 7300 1389 903 5034 7073 2445 4400 8681 5690 6006 2215 6018 387 5020 8084 3943 676 7205 4937 2580 3075 3840 3617 1308 7915 9116 3562 4042 4930 9768 1090 8432 1993 4814 7485 8581 514 8796 4628 6818 6768 3905 5593 1867 5731 1795 6339 3549 7856 9768 7375 2843 4666 3306 6154 5806 1019 2688 6806 5409 5459 0 9045 126 2609 9196 9334 349 1044 5100 3192 9796 1406 4218 3686 8533 5151 6942 5788 3985 9779 151 8358 265 2365 9288 6388 8728 9210 946 5820 1467 176 8946 5803 1962 8819 9366 
8673 9630 1448 348 4027 38 3556 9683 4419 1511 3509 4092 3528 4655 9575 3902 3342 4823 1550 5486 9214 6406 3144 8377 3126 9589 9082 9567 1100 7741 527 3569 3054 8734 592 7416 5976 8288 7535 7526 9235 2919 1995 5362 9102 9276 1129 5915 3076 485 1831 2415 8518 3696 2399 7176 9242 1271 1948 7198 3221 5958 4646 9045 0 5724 9607 1904 2500 6859 7335 4403 2200 982 4059 8558 5590 788 6140 8112 8603 9461 4611 1309 5316 9237 7372 8734 1562 1308 8076 4605 5763 1904 5916 2616 2484 1902 3046 9894 
9165 4380 5836 3314 2980 6271 9974 6386 4085 2244 9999 8578 456 2439 8908 3230 7272 9172 3135 9860 8593 9526 8066 5575 1880 2136 8924 4257 5208 9026 5243 6444 8511 8959 7562 5750 3327 2786 4483 6550 5104 8715 1779 7436 3402 1356 7857 726 3037 7712 6566 4960 8608 1049 4074 9937 691 4825 6356 7422 9488 8465 2679 126 5724 0 6651 9804 8848 5208 8914 426 2757 9982 5120 4150 9876 3232 5370 4066 6089 4013 623 869 1896 7470 7312 7835 6686 3078 2960 737 7673 6186 8231 25 202 6438 3428 5140 
3281 6200 2809 8609 4385 4376 3483 1542 3764 4318 9469 3908 7933 3524 292 9658 2783 7587 6677 8430 3781 8821 5914 1717 9797 5203 3436 7278 9736 3985 1696 6391 8757 2243 9549 3183 6291 6757 2810 9641 6321 2928 4440 8896 6450 1905 5889 8102 1109 1810 4532 5632 993 7781 835 391 270 1636 7926 8816 406 185 560 2609 9607 6651 0 8654 9170 9862 3277 9670 8388 9099 7463 1898 2402 5525 1284 9001 5730 220 101 5135 3347 6591 1113 4607 5885 745 7093 9954 6874 2070 1155 5141 5617 1983 2387 3105 
2400 9624 9275 7917 7038 6401 7505 3381 8788 6667 4584 606 7205 8175 2041 9298 440 212 2569 6638 5418 5051 5672 3646 3050 7859 1327 9616 4309 6822 6984 7618 1121 4832 3961 7311 3146 4722 6603 2982 2749 6523 6453 9856 721 2695 9087 5257 9675 678 8284 8216 5386 6439 5732 6533 3875 2983 9605 9175 8492 8975 7024 9196 1904 9804 8654 0 1796 1327 4699 9371 395 9376 3726 5938 8043 9921 9131 2179 4368 2404 2158 1957 4450 8571 760 8678 974 7610 7174 2507 7176 5245 5263 6460 4168 4752 7472 584 
4433 745 4349 3667 2999 586 9480 4760 9040 601 4750 4583 3943 2127 3614 163 5681 4478 6048 6145 5631 3781 1137 4148 4873 8530 4093 6851 9246 522 4325 1796 2811 8051 4875 6113 5160 1165 71 1762 4040 1435 2575 6482 6128 5964 8154 3403 490 2360 1479 7239 6228 3089 3993 2143 3133 8979 519 602 6792 7709 9649 9334 2500 8848 9170 1796 0 8749 374 3764 5966 280 6083 7340 2762 7733 5193 4530 8984 493 8751 8667 9258 9020 3208 299 5269 3951 325 8586 2114 4749 4780 1223 7288 1485 7452 2728 
7943 790 9625 6223 1642 7020 8628 4403 8324 5034 28 619 6701 633 1415 6257 1523 6008 1520 6983 7124 1892 4832 7230 327 5250 257 191 8920 5699 6885 8284 4121 5093 8485 91 4108 9352 939 1770 5992 4671 8540 8864 458 6816 796 3309 1656 7134 6189 5229 9934 7323 8232 4876 1485 1834 7051 1722 2103 7067 1751 349 6859 5208 9862 1327 8749 0 1504 5848 4847 3448 3091 9976 7632 4115 167 4204 3756 3310 7312 7327 4116 7667 5970 5454 1237 7162 283 8074 3942 341 2587 2403 3483 6818 5284 9617 
527 7853 9032 9309 8379 5382 2825 8046 9233 2720 8479 2727 4340 5734 1721 263 5576 9681 1713 4972 667 27 2491 9446 4515 286 4043 2392 7833 2920 8313 8181 5020 5444 8170 8142 6775 7070 498 3592 4326 6711 2953 248 6309 5723 2618 7970 1341 3626 8854 3869 4118 6987 6947 5458 5510 5860 8808 8972 2533 3539 6957 1044 7335 8914 3277 4699 374 1504 0 9081 6894 8310 9068 3373 635 3915 9069 714 1267 2981 5346 3808 206 9588 746 6640 3597 3053 2305 4175 2684 9154 4262 1796 2858 4770 8106 9940 
2751 3009 1031 5188 8758 3827 9230 4381 629 9771 2710 1221 6775 734 333 3995 5989 5785 1624 2909 889 7477 5977 6847 8743 8087 6916 1807 5674 8090 7833 4784 3964 7466 9466 3257 9950 6663 4856 228 6840 1141 9462 3000 7661 6566 7713 5580 3541 5708 7364 4684 6523 8060 4721 2898 9215 4119 2018 4526 703 3071 8073 5100 4403 426 9670 9371 3764 5848 9081 0 8737 2641 3269 1917 5114 5479 4541 5361 6116 1136 4807 305 7417 3063 4204 9326 8858 2769 9284 7740 7308 3498 8284 4322 2109 6845 1087 5501 
3453 8774 7571 3861 2088 110 6382 3926 6290 5670 4678 7598 7602 8973 4140 3651 823 5547 2246 9999 7764 5498 8286 9402 2250 24 9017 7920 6432 3521 6030 5004 6954 4245 6263 5970 8459 7551 4211 6597 6051 1517 4365 827 2828 119 168 922 8434 9312 6395 43 4658 1123 213 4959 9556 5384 7435 6588 7328 2908 9480 3192 2200 2757 8388 395 5966 4847 6894 8737 0 7961 6536 4982 8522 2573 6081 9804 1520 8941 9518 8554 999 4586 6984 2089 9661 2594 9303 8980 70 1816 8343 4133 2120 6053 2328 2256 
2726 3958 4167 1342 8286 8702 458 7 2691 8597 5640 2060 4825 7672 6133 1859 1633 5815 4881 2139 9483 6444 1215 2120 3710 5883 796 1212 6490 2506 6034 2808 5963 535 4063 1829 3865 8664 5101 4799 9810 2388 3811 7274 2860 6045 5169 5472 9997 1210 9255 1836 1740 7052 1383 3177 2268 761 49 9797 142 7040 270 9796 982 9982 9099 9376 280 3448 8310 2641 7961 0 4757 4587 7852 4778 4954 8882 2793 1311 9377 2828 6856 9241 6733 6333 8967 7552 1259 4647 3220 3473 318 8232 7623 3033 1582 532 
9609 6254 4902 402 1308 4601 8431 9621 1069 3914 3809 5124 7966 7816 9498 9873 5192 3164 9208 7139 9949 2803 236 8864 3639 6247 1566 1420 3061 8552 3743 1184 7250 1856 5903 8231 6199 414 4082 2051 2264 3505 3940 3448 7315 6351 5357 6762 3832 2090 1044 1186 1058 2987 1218 4304 3094 1366 6729 9971 9338 5212 8545 1406 4059 5120 7463 3726 6083 3091 9068 3269 6536 4757 0 2329 9138 7760 3494 6599 3243 9341 3171 6204 9221 8332 259 5477 529 8437 2908 753 4253 9678 1652 4394 8136 7891 8808 1139 
7726 5062 1223 1912 447 6457 8710 3417 6816 4106 2779 5910 9216 9798 8843 3886 4684 6128 6650 392 9812 2366 7109 8099 3977 6787 4800 4244 4545 6868 6179 1501 7076 9688 491 6339 1897 6657 3933 4347 919 4510 2747 3376 76 3212 2599 5152 8345 6026 4837 9252 8970 2648 26 5035 7215 7778 534 2196 6743 9989 1860 4218 8558 4150 1898 5938 7340 9976 3373 1917 4982 4587 2329 0 9172 2093 7171 976 4877 5182 5367 5277 803 5923 9697 5396 424 2717 4825 5457 5957 2093 8135 3557 1228 7416 5126 8086 
4858 5564 7904 2675 8299 8371 6873 1858 7376 6549 7421 8303 7803 8611 8321 1605 3903 5366 5581 4220 269 9619 2142 3091 9408 2534 397 5026 3700 3747 7567 6092 6662 6813 8955 2825 479 717 1852 2637 9113 7089 8471 7691 3884 6283 4674 5502 6356 8743 7468 5752 6603 6001 3275 1197 8492 3267 5818 6137 2479 7879 2093 3686 5590 9876 2402 8043 2762 7632 635 5114 8522 7852 9138 9172 0 171 5759 5670 8402 7061 3429 3484 1562 7058 3088 3658 9346 8182 7975 5586 2270 8285 1156 1137 9835 3133 308 416 
5905 1932 8429 5851 822 7824 7633 8149 4408 5864 7844 591 7985 2686 2729 574 7626 2759 4886 5193 8159 8614 2270 864 9039 6296 585 3484 3631 1457 1853 642 6863 3942 4227 4703 6166 4626 6963 3814 2119 2611 2390 2084 3344 8633 8717 5290 9797 6777 8578 9517 4858 6218 3312 2150 4353 2804 7181 2538 5020 1819 3941 8533 788 3232 5525 9921 7733 4115 3915 5479 2573 4778 7760 2093 171 0 8702 4185 978 9960 3033 7158 3806 703 3704 4984 3662 5563 5623 1240 1186 8996 4847 2654 9682 3347 9748 1775 
3803 3216 7845 7554 4614 578 4141 6320 8768 8936 9852 6311 5433 3118 8582 338 958 3804 7355 1762 7610 7431 8451 9850 996 1632 340 7180 3959 3228 8950 6679 1682 8071 4514 2375 2575 1535 3554 9167 7118 139 5267 7824 7265 3649 1465 6983 7263 8049 4560 9224 7788 8036 3624 8236 4169 8101 9488 3733 1149 8896 1021 5151 6140 5370 1284 9131 5193 167 9069 4541 6081 4954 3494 7171 5759 8702 0 2844 9364 2921 3400 1283 692 3066 863 8319 4718 8560 759 8009 4590 6935 7223 883 9763 6986 9333 5353 
7839 246 7416 2783 6282 4577 7620 4758 9315 4279 971 2061 9328 8073 3012 1562 6751 2273 5365 8267 7253 4235 3132 8213 9321 393 4698 8518 1012 3910 71 2438 9669 8449 3948 9886 7414 2094 1429 9934 3278 3779 2514 6286 5039 8983 1332 4679 4992 6665 2410 7505 9179 679 4237 753 3943 1013 4852 6640 2050 8296 248 6942 8112 4066 9001 2179 4530 4204 714 5361 9804 8882 6599 976 5670 4185 2844 0 4914 2720 7743 5259 9571 878 9145 6537 3297 6229 9640 8456 3778 1373 621 7412 7648 267 3258 3736 
9361 7918 2803 2893 4821 2131 9229 7408 2022 872 2456 7768 4478 1898 4073 1172 1457 7565 5925 7392 1787 1786 8298 3888 3862 4328 4561 1111 5945 7513 2784 7202 5660 7969 5432 4377 2689 3420 6643 9581 9119 6463 7791 4423 2623 8994 1090 9081 3713 7260 2787 6686 4676 3645 7186 3729 9478 1957 5170 3224 5916 3471 1186 5788 8603 6089 5730 4368 8984 3756 1267 6116 1520 2793 3243 4877 8402 978 9364 4914 0 6412 7182 189 4487 2288 5327 5485 7704 1340 1840 6519 6080 3712 8390 3795 524 3342 9075 7369 
