80
0 6319 8688 1532 96 3927 7075 34 9615 7424 8315 6255 7031 7070 4412 1220 9991 1188 4910 9785 5945 433 7601 1053 8639 2139 9676 1005 5602 9616 3531 8403 2078 3703 3951 7595 9390 6456 5893 4288 8194 9285 4577 2893 9594 411 2117 6544 9586 8962 7399 3369 4802 5574 8431 5118 26 1815 8885 6736 433 3310 3043 7983 4052 3871 5874 678 2385 515 7451 7684 9682 1680 3442 2205 3816 3507 5874 8505 
6319 0 4251 1516 905 7635 5045 7533 2814 4262 3381 4198 5933 3198 6580 1909 8737 6719 3067 5541 6804 6268 5269 781 3883 4636 4894 2431 2766 7217 3580 9512 199 3430 4372 4522 2541 1897 1999 6690 1398 5476 2411 1561 942 4743 4563 1771 1142 1016 9899 6340 3619 2508 7507 8338 9351 9711 5425 3265 9934 8611 1045 2984 6637 2803 6115 2559 3951 8127 4271 9830 6862 5907 1600 86 3562 3384 3185 658 
8688 4251 0 7821 2436 1102 2799 7731 197 1848 673 52 7637 3652 9814 1865 4726 6657 9890 3768 3262 1426 9112 1312 953 3750 146 3918 2860 6217 9858 2978 8785 9529 7738 3368 7696 9016 356 5080 2792 4319 1682 4211 3294 2732 1620 5008 1558 9138 7601 7200 6604 8034 6572 5329 7658 5604 7236 9307 3793 2309 4871 7905 8271 8962 3587 9407 8670 1758 3357 6138 6405 4233 1667 2085 1720 6607 2128 5342 
1532 1516 7821 0 2755 5495 4895 9573 9779 9448 6238 1241 8183 8287 7105 1802 6323 6708 3024 6587 6820 5128 185 4595 2388 3229 5051 5909 9804 4179 7335 5965 8110 9994 8690 8380 9628 1015 1956 559 4898 4960 8313 8817 5124 3528 2164 2209 8222 7023 6122 6803 7069 9955 920 4618 1035 3111 7596 3928 4413 31 1800 170 7813 8397 2564 9163 1138 9265 376 6861 9223 9640 1907 2358 3734 6342 1229 3362 
96 905 2436 2755 0 7419 1647 9877 5860 9308 3653 586 2195 1956 6865 2055 4261 4314 944 4584 1050 6336 8098 8917 2266 3906 2095 3151 2214 5176 4342 5036 695 1922 5024 9524 128 1997 9754 3907 599 1486 4711 5383 7076 7648 5737 8398 5505 6243 9352 1611 6990 9343 6162 6818 1795 2208 9636 4684 7382 333 5702 4623 7192 252 1149 8679 9406 199 1298 1737 7389 9207 9900 2917 6042 5766 6751 5500 
3927 7635 1102 5495 7419 0 790 9593 971 5215 8402 2651 434 9245 1385 7976 299 784 162 7428 6134 6497 9742 1948 9575 6730 126 420 7016 795 2133 5732 4273 2200 2906 9122 2713 1143 7775 6415 4801 4136 7731 2237 9540 3082 4204 799 778 8667 5382 4349 3836 5394 772 2885 8440 8119 3247 1216 8425 2420 265 1977 1164 3651 8510 5683 2211 2015 8651 1414 3119 3517 9454 4232 2889 9118 2952 7922 
7075 5045 2799 4895 1647 790 0 6047 6954 4901 4144 2785 4953 7238 1598 9164 3693 1762 1295 7824 1854 6749 6516 2187 9095 729 8574 9615 3711 141 1952 1486 4911 79 4924 670 2050 9858 4246 9361 5675 7609 5013 2742 7724 628 9278 6447 709 694 9523 8292 8246 6080 5577 7239 1763 4470 6073 5073 732 3498 8047 8743 6276 8145 757 3853 479 6685 2328 2258 6263 9429 314 9248 5159 6961 9770 8272 
34 7533 7731 9573 9877 9593 6047 0 2826 7097 4923 3690 4652 2287 3046 4497 6293 1669 1618 4518 6485 4508 2374 7014 1975 4220 8331 4190 6914 4724 2381 4555 1558 3313 8563 3623 7620 6788 9578 5903 112 58 6673 8661 8033 8927 464 421 8728 1296 3800 9662 3282 3486 264 1703 2779 907 4403 4213 7770 4800 2277 4352 5808 9245 3429 2972 4372 5191 7860 3883 9041 693 4108 8629 9257 9090 7031 9749 
9615 2814 197 9779 5860 971 6954 2826 0 6518 9350 6370 8000 2344 5279 9704 1494 5864 2839 5886 7239 3369 7267 7541 8030 4666 4240 3740 179 3587 1783 6431 39 2491 2149 6719 9798 3099 5397 9600 5504 8521 8861 8231 2805 3796 9267 1337 8354 4813 6679 9849 7360 7937 2013 1355 250 5190 2346 3479 3910 2346 707 9763 5479 9749 9608 4153 9154 8239 9999 2681 8987 4997 9893 3445 3135 6670 9360 8463 
7424 4262 1848 9448 9308 5215 4901 7097 6518 0 7532 9615 1121 3517 9455 9607 8456 4557 3955 5848 4640 1785 8611 6632 641 4984 4589 6507 279 6213 4465 7263 4581 8442 9783 7615 9538 1229 3828 8904 3998 7038 7556 6666 6894 4272 9181 421 5543 5644 370 6509 9231 2954 4512 1338 4789 1877 5041 4863 3404 2859 4279 6664 356 6704 5757 9452 1922 5958 5502 7343 6154 5673 236 8766 6753 9651 2978 6323 
8315 3381 673 6238 3653 8402 4144 4923 9350 7532 0 1756 765 9001 8453 1259 6438 7621 260 891 2883 7785 3322 257 4208 7926 6843 8072 4949 3054 4987 8201 7161 4557 7737 3332 5636 664 5124 5488 7349 8066 7166 5105 3729 7634 4364 2897 6844 9730 6103 1216 3099 7053 6795 4142 531 5517 2103 8004 8310 6103 108 6561 9525 3174 4744 7566 854 7213 1354 9919 5217 2446 6709 3134 5999 2338 8332 3347 
6255 4198 52 1241 586 2651 2785 3690 6370 9615 1756 0 3938 8410 477 2564 276 359 6599 395 2257 7944 657 9961 9580 7611 2109 2221 2892 9318 1927 5424 7905 1537 9476 8898 1260 4902 2616 2917 6694 7461 5854 8843 2640 7015 3898 6267 4824 8497 457 6382 9970 6882 4622 3283 9207 8570 9691 7432 2260 6730 1755 8001 6028 8571 7915 3306 3641 4998 6458 1058 2591 5635 3833 2650 3027 4679 5789 8188 
7031 5933 7637 8183 2195 434 4953 4652 8000 1121 765 3938 0 9807 5544 2499 1502 4412 4785 24 6840 5295 8249 2958 1473 7786 4937 5603 927 7116 6531 1506 6057 680 3079 3713 3695 8123 7771 579 5066 332 6317 4479 8722 948 8855 3261 7184 6479 4888 6791 9035 3605 4203 3424 658 4780 9244 3755 4361 5717 6917 1488 2098 852 272 3765 6494 5377 3063 5807 3418 4944 2628 7202 2793 6625 9071 9685 
7070 3198 3652 8287 1956 9245 7238 2287 2344 3517 9001 8410 9807 0 6890 7226 1210 8762 7801 7553 2264 4007 8329 3710 741 5398 2996 9039 4505 5504 8403 2789 8485 9902 4656 4099 8984 639 2065 2409 89 101 9859 7870 111 5120 6110 7862 8549 3678 603 8212 6547 9033 4862 199 6294 8626 6053 6943 7358 7608 3981 5278 407 9322 2909 1690 1291 7604 2397 3430 960 8222 3907 8374 9175 9319 2368 9753 
4412 6580 9814 7105 6865 1385 1598 3046 5279 9455 8453 477 5544 6890 0 2485 3189 4436 4312 9449 4232 7662 5027 8555 441 7285 1947 6816 8256 9871 7263 9508 3126 5516 3208 4020 634 2837 3863 3282 5520 3458 4484 6745 8445 5219 4420 9378 2850 5828 2237 1647 6741 1168 4132 5955 6749 4979 9226 7503 4313 9142 7845 41 6323 6270 1365 9489 5072 8837 4724 876 4854 1561 5203 6586 5063 6248 3544 6371 
1220 1909 1865 1802 2055 7976 9164 4497 9704 9607 1259 2564 2499 7226 2485 0 2124 836 6031 2100 5106 6846 8605 2706 2364 1949 6611 7321 9049 6896 6281 7039 7828 8493 6532 8298 7663 2882 2184 3346 7991 5798 2188 5741 8148 9072 8957 1388 4378 5052 7390 8048 9275 3198 4695 8803 1005 5544 4589 7457 2140 265 1983 6314 461 5043 6734 9328 6561 4486 7568 6076 5604 8283 9757 4537 3079 9339 2652 3134 
9991 8737 4726 6323 4261 299 3693 6293 1494 8456 6438 276 1502 1210 3189 2124 0 6885 3594 5670 5012 604 5753 3807 21 5297 7643 6303 2378 9670 8413 4520 4464 951 8304 7655 9739 1325 196 7361 232 7272 5660 4878 6581 1642 4730 6775 1095 828 1116 7879 6794 1857 7075 2503 7915 6774 4654 7552 9830 4127 2535 3618 8865 9930 195 2633 4976 2921 3590 3201 2762 1479 9103 7182 8761 2030 4953 3631 
1188 6719 6657 6708 4314 784 1762 1669 5864 4557 7621 359 4412 8762 4436 836 6885 0 5537 1291 1801 8686 5479 7202 6757 2499 9824 5872 7519 6793 843 4407 5858 9158 7674 1939 2165 2663 8763 3721 5278 1885 6393 5617 4321 8951 1248 8839 1753 5678 7510 7269 9363 414 1432 2213 1423 670 8867 1937 1711 5138 9728 5810 3640 1178 9830 5423 5193 6395 3105 7502 2899 5364 9634 5984 1550 5126 7491 3076 
4910 3067 9890 3024 944 162 1295 1618 2839 3955 260 6599 4785 7801 4312 6031 3594 5537 0 8900 5532 8843 1660 7049 3041 3297 3873 4730 9047 3943 3219 7233 6354 4075 45 3168 9873 5056 2734 9793 138 8289 9449 1126 746 6778 7783 5561 3302 4223 2151 2201 5967 2148 1269 7635 4203 8004 568 7364 4814 9735 6875 8620 6867 4758 5227 3763 5592 3851 132 6005 7854 2884 6153 1660 296 7895 5125 5654 
9785 5541 3768 6587 4584 7428 7824 4518 5886 5848 891 395 24 7553 9449 2100 5670 1291 8900 0 3734 1458 9881 9491 9909 817 6810 3429 9191 761 2092 7045 315 6704 8969 4938 5757 5931 5874 6776 8842 7499 7782 3404 1165 3738 5610 3238 1435 8840 1025 5660 9329 2490 6490 637 445 9023 2898 6272 955 5058 9645 8522 3048 1094 4469 9786 4761 5029 2914 5591 286 8064 9753 1096 9345 5982 7224 1622 
5945 6804 3262 6820 1050 6134 1854 6485 7239 4640 2883 2257 6840 2264 4232 5106 5012 1801 5532 3734 0 6739 1246 7407 3943 5654 3895 8607 7536 815 1721 8059 7534 97 2666 5834 3576 5668 4932 7253 1290 8273 2768 3679 5620 743 8392 4024 7716 9327 3029 1803 9611 3941 2529 5100 3396 928 5531 9267 4119 4416 4648 4723 8117 4879 3637 4670 1020 5987 6023 100 2112 3342 3147 1909 4309 1189 2109 2477 
433 6268 1426 5128 6336 6497 6749 4508 3369 1785 7785 7944 5295 4007 7662 6846 604 8686 8843 1458 6739 0 1433 5700 6571 1564 7032 5932 5886 3838 1447 6031 535 7915 6345 4802 4320 9227 8455 1217 6305 1573 6696 6973 7954 4701 9443 9675 3444 7748 1134 2754 3624 904 9946 709 6582 128 745 756 296 2262 50 4496 5327 396 2208 5682 8037 1813 8512 2684 7286 3368 3480 6748 95 1649 5004 9632 
7601 5269 9112 185 8098 9742 6516 2374 7267 8611 3322 657 8249 8329 5027 8605 5753 5479 1660 9881 1246 1433 0 4220 7748 7603 6728 8125 8999 484 4255 1319 2523 4639 1615 519 7921 5695 2512 9609 8967 1730 922 3877 6630 7784 510 1475 8285 1277 8594 7596 445 5049 8232 9316 4868 7254 4553 1583 366 9809 3895 7318 5184 9637 6868 7094 7269 9400 8928 6363 2289 6966 4545 703 1735 5299 3580 2051 
1053 781 1312 4595 8917 1948 2187 7014 7541 6632 257 9961 2958 3710 8555 2706 3807 7202 7049 9491 7407 5700 4220 0 5962 7026 945 1388 9497 365 3151 5855 8470 5658 7831 749 2512 4215 4843 9397 5951 3691 29 6344 5665 6717 5244 1851 5427 2000 729 8156 9089 9614 8436 471 7443 4693 7396 8185 6116 6265 4718 4241 4325 415 8317 3157 6852 9524 9968 655 4071 1785 9769 372 7375 7726 5621 5619 
8639 3883 953 2388 2266 9575 9095 1975 8030 641 4208 9580 1473 741 441 2364 21 6757 3041 9909 3943 6571 7748 5962 0 9856 2951 3809 6660 4559 8819 9275 6476 5178 5280 6694 478 6523 2599 5921 8160 4611 1159 7926 7121 8708 1092 9797 2474 197 5935 9914 7063 5573 7042 6874 493 3456 7967 8275 7421 7920 534 7953 8086 3022 6817 2745 6545 5844 3745 2403 4577 7908 9554 8725 1737 7307 3806 2513 
2139 4636 3750 3229 3906 6730 729 4220 4666 4984 7926 7611 7786 5398 7285 1949 5297 2499 3297 817 5654 1564 7603 7026 9856 0 4515 6388 5187 9448 82 2337 3807 8473 2579 511 7227 8776 2423 2852 1913 3979 1606 6239 4367 4610 442 8110 8612 2464 3742 9207 9294 2940 6880 5782 2083 3953 4721 6110 5619 2511 8877 8653 1699 2546 1266 1715 2941 114 4434 6943 9639 4520 1617 1498 22 6506 2005 6260 
9676 4894 146 5051 2095 126 8574 8331 4240 4589 6843 2109 4937 2996 1947 6611 7643 9824 3873 6810 3895 7032 6728 945 2951 4515 0 642 7059 9182 9903 6105 2953 3209 1174 9873 7613 9317 4236 341 8397 8676 4411 8923 3879 9224 4166 9351 7249 7004 1684 9925 4399 986 6872 2908 7807 6854 2139 7807 9800 7708 7798 7746 1301 2164 4427 655 4644 2807 7042 9493 1558 488 8409 8217 9909 2404 1368 2732 
1005 2431 3918 5909 3151 420 9615 4190 3740 6507 8072 2221 5603 9039 6816 7321 6303 5872 4730 3429 8607 5932 8125 1388 3809 6388 642 0 5297 4461 2475 8518 6096 858 1843 9181 3044 6389 6496 2610 6957 9413 7098 4004 680 5964 395 7441 3853 7980 2213 246 1604 1104 8352 6851 735 38 3232 1386 9530 1917 8622 696 9746 661 7299 2027 1902 7791 8989 2088 7453 7667 8418 6701 3938 7611 7836 2774 
5602 2766 2860 9804 2214 7016 3711 6914 179 279 4949 2892 927 4505 8256 9049 2378 7519 9047 9191 7536 5886 8999 9497 6660 5187 7059 5297 0 1704 5903 8840 6803 3298 3096 849 6626 9109 4640 6076 5650 5377 5264 3336 1265 3140 8103 5534 1666 9224 4024 8181 7805 2869 9126 8779 9687 4083 889 9415 8728 2317 5925 7419 399 6561 4818 1416 3873 439 2003 2623 7892 8423 1176 3735 4566 1728 9176 247 
9616 7217 6217 4179 5176 795 141 4724 3587 6213 3054 9318 7116 5504 9871 6896 9670 6793 3943 761 815 3838 484 365 4559 9448 9182 4461 1704 0 5347 5009 3830 1542 5860 7442 3725 1606 8845 4277 361 1703 6907 7468 5678 9855 9298 6469 403 4477 9455 2791 1204 2002 2508 4408 7107 843 4471 8612 8149 6544 7352 4412 1736 5447 6881 8066 4681 6733 2089 7840 1374 5176 8449 6588 1072 9455 8798 3257 
3531 3580 9858 7335 4342 2133 1952 2381 1783 4465 4987 1927 6531 8403 7263 6281 8413 843 3219 2092 1721 1447 4255 3151 8819 82 9903 2475 5903 5347 0 9768 3360 8767 6887 4601 9749 5928 9230 1294 9591 4380 4554 7575 939 8991 7744 8047 5179 6028 4290 8490 398 9364 8246 53 4220 4021 6768 6302 936 1226 2313 8610 300 1734 6104 7831 7806 6614 8942 2755 8815 7227 7969 8289 1349 8610 473 8852 
8403 9512 2978 5965 5036 5732 1486 4555 6431 7263 8201 5424 1506 2789 9508 7039 4520 4407 7233 7045 8059 6031 1319 5855 9275 2337 6105 8518 8840 5009 9768 0 4925 2991 8320 4933 5248 2646 9129 3306 7123 3822 2751 3841 419 5941 4183 8406 6438 2813 6475 9814 4523 5057 9754 1286 1258 5477 4933 9405 7100 1582 3222 6018 7780 1994 5018 7070 333 5943 4274 8823 6081 7582 6939 4445 5433 9335 4569 6417 
2078 199 8785 8110 695 4273 4911 1558 39 4581 7161 7905 6057 8485 3126 7828 4464 5858 6354 315 7534 535 2523 8470 6476 3807 2953 6096 6803 3830 3360 4925 0 1823 991 6692 2752 4653 3780 8031 7469 3570 1125 9172 8319 8923 314 1772 7196 5745 1791 1903 1241 1111 5294 7627 5075 7198 4564 9389 7151 4912 4827 4329 5684 5407 9789 8100 2125 9357 7338 297 2665 6306 5700 2074 709 8955 4244 7058 
3703 3430 9529 9994 1922 2200 79 3313 2491 8442 4557 1537 680 9902 5516 8493 951 9158 4075 6704 97 7915 4639 5658 5178 8473 3209 858 3298 1542 8767 2991 1823 0 5818 9727 5665 9148 7071 9446 8768 3288 1313 480 3558 7815 9277 9195 2872 9477 5027 5052 7256 4703 6699 6203 2316 3229 9016 3927 258 2679 534 740 9838 5174 1097 9539 1433 9585 7462 3608 6467 5513 7569 9844 2891 7587 6423 32 
3951 4372 7738 8690 5024 2906 4924 8563 2149 9783 7737 9476 3079 4656 3208 6532 8304 7674 45 8969 2666 6345 1615 7831 5280 2579 1174 1843 3096 5860 6887 8320 991 5818 0 954 1185 9051 7523 5975 3158 8517 9164 7332 3663 9444 4801 5391 7686 33 9228 598 7368 8025 3900 1444 8701 8601 8275 524 8715 4659 3110 415 1730 2469 573 3587 5779 8140 8494 3059 2782 2905 8619 3033 8588 7657 1203 1217 
7595 4522 3368 8380 9524 9122 670 3623 6719 7615 3332 8898 3713 4099 4020 8298 7655 1939 3168 4938 5834 4802 519 749 6694 511 9873 9181 849 7442 4601 4933 6692 9727 954 0 1449 9728 775 7054 45 7379 436 2574 4638 9953 4528 5102 7463 4178 2006 3520 928 9576 5379 2319 4741 8460 2542 151 5546 8471 1355 2099 5153 8138 9313 7391 5979 8421 3144 6768 4766 5715 5680 6234 8198 4267 9857 6396 
9390 2541 7696 9628 128 2713 2050 7620 9798 9538 5636 1260 3695 8984 634 7663 9739 2165 9873 5757 3576 4320 7921 2512 478 7227 7613 3044 6626 3725 9749 5248 2752 5665 1185 1449 0 6483 8502 2165 9121 3518 8189 415 5727 4713 1958 3153 3428 6077 7103 563 9241 661 6156 9218 3094 941 3197 5503 4335 8249 5369 5069 8366 2835 7572 8157 2633 656 789 3126 3668 5496 7031 3054 9421 7489 6362 2719 
6456 1897 9016 1015 1997 1143 9858 6788 3099 1229 664 4902 8123 639 2837 2882 1325 2663 5056 5931 5668 9227 5695 4215 6523 8776 9317 6389 9109 1606 5928 2646 4653 9148 9051 9728 6483 0 3595 1660 3971 5843 1200 2572 7760 4911 7042 3660 9419 8427 1378 2368 4462 2948 9442 4661 9178 9729 4071 5021 4978 8337 3141 513 3108 2072 6040 21 5182 2536 5892 2235 7525 3197 6751 8501 9778 4290 7481 9115 
5893 1999 356 1956 9754 7775 4246 9578 5397 3828 5124 2616 7771 2065 3863 2184 196 8763 2734 5874 4932 8455 2512 4843 2599 2423 4236 6496 4640 8845 9230 9129 3780 7071 7523 775 8502 3595 0 735 3898 6554 4153 6894 2568 4465 2445 1676 1281 2997 4770 5791 5148 3051 9876 1706 7655 5257 4417 7708 2810 88 397 9499 5039 6696 6221 9823 9161 2187 9940 9071 5303 5550 5789 2345 6086 2971 7612 940 
4288 6690 5080 559 3907 6415 9361 5903 9600 8904 5488 2917 579 2409 3282 3346 7361 3721 9793 6776 7253 1217 9609 9397 5921 2852 341 2610 6076 4277 1294 3306 8031 9446 5975 7054 2165 1660 735 0 5928 3733 5255 8728 4820 8442 2549 6395 1393 3774 7942 9012 2650 482 1400 4904 184 3873 3660 6286 5236 8469 6428 4637 7435 1084 4621 6278 4564 9024 4241 6123 3190 2630 1982 73 2516 3888 5152 9023 
8194 1398 2792 4898 599 4801 5675 112 5504 3998 7349 6694 5066 89 5520 7991 232 5278 138 8842 1290 6305 8967 5951 8160 1913 8397 6957 5650 361 9591 7123 7469 8768 3158 45 9121 3971 3898 5928 0 6282 5326 3017 9948 71 5907 3153 2036 3856 3147 8903 8341 2133 3166 6526 5923 6495 2907 3145 9938 7972 1224 9071 9661 8992 8069 614 6890 7307 3492 1960 9721 6727 677 7217 7151 1998 9726 6221 
9285 5476 4319 4960 1486 4136 7609 58 8521 7038 8066 7461 332 101 3458 5798 7272 1885 8289 7499 8273 1573 1730 3691 4611 3979 8676 9413 5377 1703 4380 3822 3570 3288 8517 7379 3518 5843 6554 3733 6282 0 2471 7684 1417 191 5943 3376 2650 5840 9699 89 7799 9018 349 5187 2699 1494 7270 5668 466 6970 7024 2171 893 4907 6901 8535 7625 3278 3035 4259 9834 3825 1066 9705 7614 5921 9828 6395 
4577 2411 1682 8313 4711 7731 5013 6673 8861 7556 7166 5854 6317 9859 4484 2188 5660 6393 9449 7782 2768 6696 922 29 1159 1606 4411 7098 5264 6907 4554 2751 1125 1313 9164 436 8189 1200 4153 5255 5326 2471 0 2822 7629 1018 7229 9573 5050 319 3990 1108 3561 7948 1957 2264 7025 9102 3992 9258 3580 7256 8924 998 9087 5798 1588 8655 1843 5959 4361 2696 4647 1514 2527 9116 2810 3215 8334 9071 
2893 1561 4211 8817 5383 2237 2742 8661 8231 6666 5105 8843 4479 7870 6745 5741 4878 5617 1126 3404 3679 6973 3877 6344 7926 6239 8923 4004 3336 7468 7575 3841 9172 480 7332 2574 415 2572 6894 8728 3017 7684 2822 0 9210 8433 1069 8642 9976 3974 3004 7941 6911 2532 3559 1285 5225 5760 6514 2654 7690 9419 7628 3146 8809 8571 2500 9656 5078 3298 7015 6497 9957 7903 5229 4170 4620 9062 2019 2025 
9594 942 3294 5124 7076 9540 7724 8033 2805 6894 3729 2640 8722 111 8445 8148 6581 4321 746 1165 5620 7954 6630 5665 7121 4367 3879 680 1265 5678 939 419 8319 3558 3663 4638 5727 7760 2568 4820 9948 1417 7629 9210 0 8103 909 361 4003 2916 7503 5568 9205 4743 5670 1334 1484 7290 3656 4926 4796 5913 3601 1376 3518 6081 8262 9009 9459 5298 4980 1145 9774 9562 2356 1340 2509 7959 7593 1985 
411 4743 2732 3528 7648 3082 628 8927 3796 4272 7634 7015 948 5120 5219 9072 1642 8951 6778 3738 743 4701 7784 6717 8708 4610 9224 5964 3140 9855 8991 5941 8923 7815 9444 9953 4713 4911 4465 8442 71 191 1018 8433 8103 0 8990 1484 4986 8622 4779 4690 8520 4818 3409 1245 4051 4935 9623 7001 9033 4651 1336 6676 265 1563 2031 2718 2622 719 7821 7470 4245 2440 5880 2218 6150 2240 3472 9215 
2117 4563 1620 2164 5737 4204 9278 464 9267 9181 4364 3898 8855 6110 4420 8957 4730 1248 7783 5610 8392 9443 510 5244 1092 442 4166 395 8103 9298 7744 4183 314 9277 4801 4528 1958 7042 2445 2549 5907 5943 7229 1069 909 8990 0 6732 5229 9301 5282 4131 9806 1383 8068 1926 8016 8179 8577 6129 2392 2195 6044 3950 1639 7771 3761 7289 9996 7280 6939 6443 7632 2454 6212 1984 1897 50 2866 5275 
6544 1771 5008 2209 8398 799 6447 421 1337 421 2897 6267 3261 7862 9378 1388 6775 8839 5561 3238 4024 9675 1475 1851 9797 8110 9351 7441 5534 6469 8047 8406 1772 9195 5391 5102 3153 3660 1676 6395 3153 3376 9573 8642 361 1484 6732 0 1804 3594 4387 601 546 5389 1431 4383 3436 5545 9799 9435 1072 7212 3519 4741 105 9768 7623 3720 6425 4150 1716 6444 8134 7077 7928 3781 8133 3357 9350 3928 
9586 1142 1558 8222 5505 778 709 8728 8354 5543 6844 4824 7184 8549 2850 4378 1095 1753 3302 1435 7716 3444 8285 5427 2474 8612 7249 3853 1666 403 5179 6438 7196 2872 7686 7463 3428 9419 1281 1393 2036 2650 5050 9976 4003 4986 5229 1804 0 8667 8013 7532 4311 2690 2443 161 4308 9366 1334 2482 6776 3571 9537 8591 8842 1735 643 1159 4936 8862 1463 706 7522 4074 9130 8009 3505 4529 56 5735 
8962 1016 9138 7023 6243 8667 694 1296 4813 5644 9730 8497 6479 3678 5828 5052 828 5678 4223 8840 9327 7748 1277 2000 197 2464 7004 7980 9224 4477 6028 2813 5745 9477 33 4178 6077 8427 2997 3774 3856 5840 319 3974 2916 8622 9301 3594 8667 0 6787 47 2444 7900 9923 3298 6592 8240 366 2886 9690 1098 9259 9174 4347 908 3241 5210 2548 8880 2241 7570 9280 7972 8734 4483 2522 9755 6407 1075 
7399 9899 7601 6122 9352 5382 9523 3800 6679 370 6103 457 4888 603 2237 7390 1116 7510 2151 1025 3029 1134 8594 729 5935 3742 1684 2213 4024 9455 4290 6475 1791 5027 9228 2006 7103 1378 4770 7942 3147 9699 3990 3004 7503 4779 5282 4387 8013 6787 0 8843 9248 8729 4077 6307 6328 380 836 8913 4808 7005 9980 9290 2775 1273 3574 8854 274 5703 3117 7167 2951 5218 4218 4695 2730 4918 7299 5693 
3369 6340 7200 6803 1611 4349 8292 9662 9849 6509 1216 6382 6791 8212 1647 8048 7879 7269 2201 5660 1803 2754 7596 8156 9914 9207 9925 246 8181 2791 8490 9814 1903 5052 598 3520 563 2368 5791 9012 8903 89 1108 7941 5568 4690 4131 601 7532 47 8843 0 9121 1014 4166 443 7269 5411 2796 8549 1311 6905 5175 7516 4162 4451 5541 3339 7296 488 8869 2300 6648 4778 1948 5715 3197 1732 1880 1833 
4802 3619 6604 7069 6990 3836 8246 3282 7360 9231 3099 9970 9035 6547 6741 9275 6794 9363 5967 9329 9611 3624 445 9089 7063 9294 4399 1604 7805 1204 398 4523 1241 7256 7368 928 9241 4462 5148 2650 8341 7799 3561 6911 9205 8520 9806 546 4311 2444 9248 9121 0 9353 6692 9366 1617 4719 9136 6604 7615 7336 3274 2151 7650 9002 9006 7593 7541 5751 8716 3365 9576 7101 7854 3565 5958 145 9795 2102 
5574 2508 8034 9955 9343 5394 6080 3486 7937 2954 7053 6882 3605 9033 1168 3198 1857 414 2148 2490 3941 904 5049 9614 5573 2940 986 1104 2869 2002 9364 5057 1111 4703 8025 9576 661 2948 3051 482 2133 9018 7948 2532 4743 4818 1383 5389 2690 7900 8729 1014 9353 0 8936 7097 7929 5038 1850 7374 457 6436 7797 7818 5866 7596 5147 7144 9536 1994 1623 3206 4468 775 1159 4186 1589 6157 270 7288 
8431 7507 6572 920 6162 772 5577 264 2013 4512 6795 4622 4203 4862 4132 4695 7075 1432 1269 6490 2529 9946 8232 8436 7042 6880 6872 8352 9126 2508 8246 9754 5294 6699 3900 5379 6156 9442 9876 1400 3166 349 1957 3559 5670 3409 8068 1431 2443 9923 4077 4166 6692 8936 0 7604 2570 3132 1039 866 7886 7108 9785 8236 9579 2933 1476 8395 3165 6268 2343 9577 2757 9860 4544 2201 6083 8009 5389 9361 
5118 8338 5329 4618 6818 2885 7239 1703 1355 1338 4142 3283 3424 199 5955 8803 2503 2213 7635 637 5100 709 9316 471 6874 5782 2908 6851 8779 4408 53 1286 7627 6203 1444 2319 9218 4661 1706 4904 6526 5187 2264 1285 1334 1245 1926 4383 161 3298 6307 443 9366 7097 7604 0 8811 7574 9230 643 5527 2221 5608 7250 7204 9158 9758 8882 7510 40 4054 5363 2796 300 1504 8467 3117 3596 4874 1921 
26 9351 7658 1035 1795 8440 1763 2779 250 4789 531 9207 658 6294 6749 1005 7915 1423 4203 445 3396 6582 4868 7443 493 2083 7807 735 9687 7107 4220 1258 5075 2316 8701 4741 3094 9178 7655 184 5923 2699 7025 5225 1484 4051 8016 3436 4308 6592 6328 7269 1617 7929 2570 8811 0 4107 604 7540 50 2083 3884 4669 8032 7198 3019 5803 9232 1991 6762 2471 7589 5189 1403 6886 5518 3092 7071 351 
1815 9711 5604 3111 2208 8119 4470 907 5190 1877 5517 8570 4780 8626 4979 5544 6774 670 8004 9023 928 128 7254 4693 3456 3953 6854 38 4083 843 4021 5477 7198 3229 8601 8460 941 9729 5257 3873 6495 1494 9102 5760 7290 4935 8179 5545 9366 8240 380 5411 4719 5038 3132 7574 4107 0 299 3391 6202 2455 4417 8761 878 4648 7835 72 8262 4297 2649 1566 5852 7822 3113 2839 760 3984 6489 4971 
8885 5425 7236 7596 9636 3247 6073 4403 2346 5041 2103 9691 9244 6053 9226 4589 4654 8867 568 2898 5531 745 4553 7396 7967 4721 2139 3232 889 4471 6768 4933 4564 9016 8275 2542 3197 4071 4417 3660 2907 7270 3992 6514 3656 9623 8577 9799 1334 366 836 2796 9136 1850 1039 9230 604 299 0 9756 942 2695 654 9265 3164 3229 657 7072 6782 2316 1469 9919 4485 5772 1472 3743 3558 5535 5485 5748 
6736 3265 9307 3928 4684 1216 5073 4213 3479 4863 8004 7432 3755 6943 7503 7457 7552 1937 7364 6272 9267 756 1583 8185 8275 6110 7807 1386 9415 8612 6302 9405 9389 3927 524 151 5503 5021 7708 6286 3145 5668 9258 2654 4926 7001 6129 9435 2482 2886 8913 8549 6604 7374 866 643 7540 3391 9756 0 3134 343 9 49 9282 5516 4044 1094 9004 7330 2797 1596 6742 9926 4137 4174 9490 5249 135 8445 
433 9934 3793 4413 7382 8425 732 7770 3910 3404 8310 2260 4361 7358 4313 2140 9830 1711 4814 955 4119 296 366 6116 7421 5619 9800 9530 8728 8149 936 7100 7151 258 8715 5546 4335 4978 2810 5236 9938 466 3580 7690 4796 9033 2392 1072 6776 9690 4808 1311 7615 457 7886 5527 50 6202 942 3134 0 9105 8966 8542 7764 2906 7836 1534 2352 6154 6519 1585 8008 2525 4257 6794 2143 1137 4434 527 
3310 8611 2309 31 333 2420 3498 4800 2346 2859 6103 6730 5717 7608 9142 265 4127 5138 9735 5058 4416 2262 9809 6265 7920 2511 7708 1917 2317 6544 1226 1582 4912 2679 4659 8471 8249 8337 88 8469 7972 6970 7256 9419 5913 4651 2195 7212 3571 1098 7005 6905 7336 6436 7108 2221 2083 2455 2695 343 9105 0 1349 1254 2452 2704 7208 8249 9920 2578 9591 6917 5598 5363 9123 739 6082 7529 3080 8183 
3043 1045 4871 1800 5702 265 8047 2277 707 4279 108 1755 6917 3981 7845 1983 2535 9728 6875 9645 4648 50 3895 4718 534 8877 7798 8622 5925 7352 2313 3222 4827 534 3110 1355 5369 3141 397 6428 1224 7024 8924 7628 3601 1336 6044 3519 9537 9259 9980 5175 3274 7797 9785 5608 3884 4417 654 9 8966 1349 0 1699 8133 1395 9643 5566 6017 2016 1103 6301 5212 7334 3131 7340 3412 5882 6278 8334 
7983 2984 7905 170 4623 1977 8743 4352 9763 6664 6561 8001 1488 5278 41 6314 3618 5810 8620 8522 4723 4496 7318 4241 7953 8653 7746 696 7419 4412 8610 6018 4329 740 415 2099 5069 513 9499 4637 9071 2171 998 3146 1376 6676 3950 4741 8591 9174 9290 7516 2151 7818 8236 7250 4669 8761 9265 49 8542 1254 1699 0 832 6050 6496 6598 9327 1006 6655 9073 4083 6571 2757 7781 2755 6242 5943 4228 
4052 6637 8271 7813 7192 1164 6276 5808 5479 356 9525 6028 2098 407 6323 461 8865 3640 6867 3048 8117 5327 5184 4325 8086 1699 1301 9746 399 1736 300 7780 5684 9838 1730 5153 8366 3108 5039 7435 9661 893 9087 8809 3518 265 1639 105 8842 4347 2775 4162 7650 5866 9579 7204 8032 878 3164 9282 7764 2452 8133 832 0 9365 94 3885 736 2833 6782 7655 9164 2460 351 2666 9992 5225 6086 4780 
3871 2803 8962 8397 252 3651 8145 9245 9749 6704 3174 8571 852 9322 6270 5043 9930 1178 4758 1094 4879 396 9637 415 3022 2546 2164 661 6561 5447 1734 1994 5407 5174 2469 8138 2835 2072 6696 1084 8992 4907 5798 8571 6081 1563 7771 9768 1735 908 1273 4451 9002 7596 2933 9158 7198 4648 3229 5516 2906 2704 1395 6050 9365 0 7236 2230 2108 5175 7159 4137 5944 70 1253 7946 7786 3886 6457 9952 
5874 6115 3587 2564 1149 8510 757 3429 9608 5757 4744 7915 272 2909 1365 6734 195 9830 5227 4469 3637 2208 6868 8317 6817 1266 4427 7299 4818 6881 6104 5018 9789 1097 573 9313 7572 6040 6221 4621 8069 6901 1588 2500 8262 2031 3761 7623 643 3241 3574 5541 9006 5147 1476 9758 3019 7835 657 4044 7836 7208 9643 6496 94 7236 0 4656 6963 8074 2231 2204 1400 3371 2491 3344 1126 6316 9639 5457 
678 2559 9407 9163 8679 5683 3853 2972 4153 9452 7566 3306 3765 1690 9489 9328 2633 5423 3763 9786 4670 5682 7094 3157 2745 1715 655 2027 1416 8066 7831 7070 8100 9539 3587 7391 8157 21 9823 6278 614 8535 8655 9656 9009 2718 7289 3720 1159 5210 8854 3339 7593 7144 8395 8882 5803 72 7072 1094 1534 8249 5566 6598 3885 2230 4656 0 4799 6425 9902 382 2616 7197 852 3903 632 2086 3170 3959 
2385 3951 8670 1138 9406 2211 479 4372 9154 1922 854 3641 6494 1291 5072 6561 4976 5193 5592 4761 1020 8037 7269 6852 6545 2941 4644 1902 3873 4681 7806 333 2125 1433 5779 5979 2633 5182 9161 4564 6890 7625 1843 5078 9459 2622 9996 6425 4936 2548 274 7296 7541 9536 3165 7510 9232 8262 6782 9004 2352 9920 6017 9327 736 2108 6963 4799 0 8683 8501 2505 9293 514 2789 6256 2759 7182 1668 2636 
515 8127 1758 9265 199 2015 6685 5191 8239 5958 7213 4998 5377 7604 8837 4486 2921 6395 3851 5029 5987 1813 9400 9524 5844 114 2807 7791 439 6733 6614 5943 9357 9585 8140 8421 656 2536 2187 9024 7307 3278 5959 3298 5298 719 7280 4150 8862 8880 5703 488 5751 1994 6268 40 1991 4297 2316 7330 6154 2578 2016 1006 2833 5175 8074 6425 8683 0 6009 7361 8094 1854 4771 615 2008 1757 6443 2244 
7451 4271 3357 376 1298 8651 2328 7860 9999 5502 1354 6458 3063 2397 4724 7568 3590 3105 132 2914 6023 8512 8928 9968 3745 4434 7042 8989 2003 2089 8942 4274 7338 7462 8494 3144 789 5892 9940 4241 3492 3035 4361 7015 4980 7821 6939 1716 1463 2241 3117 8869 8716 1623 2343 4054 6762 2649 1469 2797 6519 9591 1103 6655 6782 7159 2231 9902 8501 6009 0 8958 2782 4222 802 2040 9557 4485 1868 5142 
7684 9830 6138 6861 1737 1414 2258 3883 2681 7343 9919 1058 5807 3430 876 6076 3201 7502 6005 5591 100 2684 6363 655 2403 6943 9493 2088 2623 7840 2755 8823 297 3608 3059 6768 3126 2235 9071 6123 1960 4259 2696 6497 1145 7470 6443 6444 706 7570 7167 2300 3365 3206 9577 5363 2471 1566 9919 1596 1585 6917 6301 9073 7655 4137 2204 382 2505 7361 8958 0 8994 6637 4175 7959 7224 7151 6681 5735 
9682 6862 6405 9223 7389 3119 6263 9041 8987 6154 5217 2591 3418 960 4854 5604 2762 2899 7854 286 2112 7286 2289 4071 4577 9639 1558 7453 7892 1374 8815 6081 2665 6467 2782 4766 3668 7525 5303 3190 9721 9834 4647 9957 9774 4245 7632 8134 7522 9280 2951 6648 9576 4468 2757 2796 7589 5852 4485 6742 8008 5598 5212 4083 9164 5944 1400 2616 9293 8094 2782 8994 0 212 2020 7690 9224 5395 4326 9600 
1680 5907 4233 9640 9207 3517 9429 693 4997 5673 2446 5635 4944 8222 1561 8283 1479 5364 2884 8064 3342 3368 6966 1785 7908 4520 488 7667 8423 5176 7227 7582 6306 5513 2905 5715 5496 3197 5550 2630 6727 3825 1514 7903 9562 2440 2454 7077 4074 7972 5218 4778 7101 775 9860 300 5189 7822 5772 9926 2525 5363 7334 6571 2460 70 3371 7197 514 1854 4222 6637 212 0 2808 4193 6165 5379 1274 7730 
3442 1600 1667 1907 9900 9454 314 4108 9893 236 6709 3833 2628 3907 5203 9757 9103 9634 6153 9753 3147 3480 4545 9769 9554 1617 8409 8418 1176 8449 7969 6939 5700 7569 8619 5680 7031 6751 5789 1982 677 1066 2527 5229 2356 5880 6212 7928 9130 8734 4218 1948 7854 1159 4544 1504 1403 3113 1472 4137 4257 9123 3131 2757 351 1253 2491 852 2789 4771 802 4175 2020 2808 0 6633 5370 8190 613 91 
2205 86 2085 2358 2917 4232 9248 8629 3445 8766 3134 2650 7202 8374 6586 4537 7182 5984 1660 1096 1909 6748 703 372 8725 1498 8217 6701 3735 6588 8289 4445 2074 9844 3033 6234 3054 8501 2345 73 7217 9705 9116 4170 1340 2218 1984 3781 8009 4483 4695 5715 3565 4186 2201 8467 6886 2839 3743 4174 6794 739 7340 7781 2666 7946 3344 3903 6256 615 2040 7959 7690 4193 6633 0 5508 1368 112 1435 
3816 3562 1720 3734 6042 2889 5159 9257 3135 6753 5999 3027 2793 9175 5063 3079 8761 1550 296 9345 4309 95 1735 7375 1737 22 9909 3938 4566 1072 1349 5433 709 2891 8588 8198 9421 9778 6086 2516 7151 7614 2810 4620 2509 6150 1897 8133 3505 2522 2730 3197 5958 1589 6083 3117 5518 760 3558 9490 2143 6082 3412 2755 9992 7786 1126 632 2759 2008 9557 7224 9224 6165 5370 5508 0 544 3373 580 
3507 3384 6607 6342 5766 9118 6961 9090 6670 9651 2338 4679 6625 9319 6248 9339 2030 5126 7895 5982 1189 1649 5299 7726 7307 6506 2404 7611 1728 9455 8610 9335 8955 7587 7657 4267 7489 4290 2971 3888 1998 5921 3215 9062 7959 2240 50 3357 4529 9755 4918 1732 145 6157 8009 3596 3092 3984 5535 5249 1137 7529 5882 6242 5225 3886 6316 2086 7182 1757 4485 7151 5395 5379 8190 1368 544 0 7594 8378 
5874 3185 2128 1229 6751 2952 9770 7031 9360 2978 8332 5789 9071 2368 3544 2652 4953 7491 5125 7224 2109 5004 3580 5621 3806 2005 1368 7836 9176 8798 473 4569 4244 6423 1203 9857 6362 7481 7612 5152 9726 9828 8334 2019 7593 3472 2866 9350 56 6407 7299 1880 9795 270 5389 4874 7071 6489 5485 135 4434 3080 6278 5943 6086 6457 9639 3170 1668 6443 1868 6681 4326 1274 613 112 3373 7594 0 7549 
8505 658 5342 3362 5500 7922 8272 9749 8463 6323 3347 8188 9685 9753 6371 3134 3631 3076 5654 1622 2477 9632 2051 5619 2513 6260 2732 2774 247 3257 8852 6417 7058 32 1217 6396 2719 9115 940 9023 6221 6395 9071 2025 1985 9215 5275 3928 5735 1075 5693 1833 2102 7288 9361 1921 351 4971 5748 8445 527 8183 8334 4228 4780 9952 5457 3959 2636 2244 5142 5735 9600 7730 91 1435 580 8378 7549 0 
