20
0 7973 1023 3516 1579 9151 2256 1251 2265 3482 2670 8346 9050 4979 3021 9576 8334 5714 1600 3546 
7973 0 6314 90 4950 3111 5488 9194 9013 7998 2133 84 4933 724 244 7350 6246 9384 9895 6797 
1023 6314 0 6660 3435 491 3586 144 1039 1886 9687 7562 9080 8827 7980 6549 9435 6695 2848 3866 
3516 90 6660 0 7605 9023 9612 1932 2285 9738 7645 3781 6983 5617 4510 3130 7271 6915 973 8804 
1579 4950 3435 7605 0 9761 6628 9223 5220 1406 1383 9150 3155 220 9391 26 7516 1005 3461 7425 
9151 3111 491 9023 9761 0 1335 2178 9527 7737 7691 2301 3658 5111 3810 7399 3031 8172 4021 2666 
2256 5488 3586 9612 6628 1335 0 8822 6357 821 4642 1488 8216 5754 2472 1419 6522 4315 9325 410 
1251 9194 144 1932 9223 2178 8822 0 7524 1613 7572 1938 4199 8004 3822 705 5843 6411 2401 4414 
2265 9013 1039 2285 5220 9527 6357 7524 0 8841 5551 8376 3261 5963 5797 3710 5083 4030 6876 2648 
3482 7998 1886 9738 1406 7737 821 1613 8841 0 6668 2292 9134 4921 4158 6362 2590 7877 8051 5053 
2670 2133 9687 7645 1383 7691 4642 7572 5551 6668 0 485 1107 734 9956 6555 9683 7042 109 7742 
8346 84 7562 3781 9150 2301 1488 1938 8376 2292 485 0 4596 810 6595 6566 1476 2863 4414 9870 
9050 4933 9080 6983 3155 3658 8216 4199 3261 9134 1107 4596 0 1205 8447 1482 3162 8503 4543 7084 
4979 724 8827 5617 220 5111 5754 8004 5963 4921 734 810 1205 0 2276 7091 43 4635 6556 2516 
3021 244 7980 4510 9391 3810 2472 3822 5797 4158 9956 6595 8447 2276 0 4261 6098 306 6237 1736 
9576 7350 6549 3130 26 7399 1419 705 3710 6362 6555 6566 1482 7091 4261 0 7890 1696 7066 3807 
8334 6246 9435 7271 7516 3031 6522 5843 5083 2590 9683 1476 3162 43 6098 7890 0 624 869 8552 
5714 9384 6695 6915 1005 8172 4315 6411 4030 7877 7042 2863 8503 4635 306 1696 624 0 9928 7542 
1600 9895 2848 973 3461 4021 9325 2401 6876 8051 109 4414 4543 6556 6237 7066 869 9928 0 1449 
3546 6797 3866 8804 7425 2666 410 4414 2648 5053 7742 9870 7084 2516 1736 3807 8552 7542 1449 0 
